                                  24                                  


1 0 0 1 0 0 0 1 0 
0 0 0 0 1 0 0 0 1 
1 0 0 0 0 1 0 1 0 
1 0 1 0 1 0 1 0 0 
0 0 0 0 0 0 0 0 0 
0 0 1 0 1 0 1 0 1 
0 1 0 1 0 0 0 0 1 
1 0 0 0 1 0 0 0 0 
0 1 0 0 0 1 0 0 1 

0 0 0 0 1 1 0 0 1 
0 0 1 1 0 0 0 0 0 
1 0 0 0 0 0 1 0 1 
1 0 1 0 0 0 0 1 0 
0 0 1 0 0 0 1 0 0 
0 1 0 0 0 0 1 0 1 
1 0 1 0 0 0 0 0 1 
0 0 0 0 0 1 1 0 0 
1 0 0 1 1 0 0 0 0 

0 0 0 0 0 1 1 0 0 
0 1 0 0 1 0 0 0 1 
0 1 0 0 0 1 0 0 1 
0 0 1 0 0 1 0 0 0 
1 1 0 0 0 0 0 1 1 
0 0 0 1 0 0 1 0 0 
1 0 0 1 0 0 0 1 0 
1 0 0 0 1 0 0 1 0 
0 0 1 1 0 0 0 0 0 

0 0 0 0 1 0 1 0 1 
0 1 0 0 0 1 0 0 0 
1 0 1 0 0 0 0 0 0 
0 1 0 0 1 1 0 1 0 
1 0 0 0 0 0 0 0 1 
0 1 0 1 1 0 0 1 0 
0 0 0 0 0 0 1 0 1 
0 0 0 1 0 0 0 1 0 
1 0 1 0 1 0 0 0 0 

0 1 0 1 0 1 0 0 0 
1 1 0 0 0 1 1 0 0 
0 0 0 0 1 0 0 0 0 
1 1 0 0 0 0 1 0 0 
1 0 0 0 0 0 0 0 1 
0 0 1 0 0 0 0 1 1 
0 0 0 0 1 0 0 0 0 
0 0 1 1 0 0 0 1 1 
0 0 0 1 0 1 0 1 0 

0 0 0 0 0 1 1 0 0 
1 0 0 0 0 0 0 0 0 
0 0 1 1 1 0 1 1 0 
0 0 0 0 1 0 0 1 1 
1 0 0 0 0 0 0 0 1 
1 1 0 0 1 0 0 0 0 
0 1 1 0 1 1 1 0 0 
0 0 0 0 0 0 0 0 1 
0 0 1 1 0 0 0 0 0 

0 0 0 0 1 0 1 0 0 
1 0 1 0 0 0 0 0 0 
0 0 0 0 0 1 1 1 1 
0 0 0 0 0 0 0 1 1 
0 1 0 1 0 1 0 1 0 
1 1 0 0 0 0 0 0 0 
1 1 1 1 0 0 0 0 0 
0 0 0 0 0 0 1 0 1 
0 0 1 0 1 0 0 0 0 

                                  25                                  

0 1 0 0 1 0 0 0 1 
0 0 0 1 0 0 0 1 1 
0 0 1 0 0 0 1 0 0 
0 0 0 1 1 0 0 0 1 
1 0 0 0 1 0 0 0 1 
1 0 0 0 1 1 0 0 0 
0 0 1 0 0 0 1 0 0 
1 1 0 0 0 1 0 0 0 
1 0 0 0 1 0 0 1 0 

0 1 0 1 0 0 0 1 0 
0 0 1 0 1 0 0 0 1 
0 1 0 0 0 0 0 0 0 
1 1 0 0 1 0 0 0 1 
0 0 1 0 1 0 1 0 0 
1 0 0 0 1 0 0 1 1 
0 0 0 0 0 0 0 1 0 
1 0 0 0 1 0 1 0 0 
0 1 0 0 0 1 0 1 0 

1 0 0 1 0 0 0 1 0 
0 0 0 1 0 0 1 0 0 
0 1 0 0 0 1 0 1 0 
1 0 0 0 1 0 0 1 0 
0 0 1 0 1 0 1 0 0 
0 1 0 0 1 0 0 0 1 
0 1 0 1 0 0 0 1 0 
0 0 1 0 0 1 0 0 0 
0 1 0 0 0 1 0 0 1 

1 0 0 1 0 0 0 0 1 
0 0 0 1 1 0 1 0 0 
0 1 0 0 0 1 0 0 0 
0 0 1 0 0 0 0 1 1 
0 1 0 0 1 0 0 1 0 
1 1 0 0 0 0 1 0 0 
0 0 0 1 0 0 0 1 0 
0 0 1 0 1 1 0 0 0 
1 0 0 0 0 1 0 0 1 

1 1 0 0 0 1 0 0 1 
0 1 0 1 0 0 0 1 1 
0 0 0 0 1 0 0 0 0 
1 0 0 0 0 0 0 1 0 
0 0 1 0 1 0 1 0 0 
0 1 0 0 0 0 0 0 1 
0 0 0 0 1 0 0 0 0 
1 1 0 0 0 1 0 1 0 
1 0 0 1 0 0 0 1 1 

1 1 0 0 0 1 0 0 1 
0 1 0 1 0 0 0 1 1 
0 0 0 0 1 0 0 0 0 
1 0 0 0 0 0 0 1 0 
0 0 1 0 1 0 1 0 0 
0 1 0 0 0 0 0 0 1 
0 0 0 0 1 0 0 0 0 
1 1 0 0 0 1 0 1 0 
1 0 0 1 0 0 0 1 1 

0 0 1 1 0 0 1 0 0 
0 1 0 0 1 0 1 1 0 
0 1 0 0 0 0 0 0 1 
1 0 0 0 0 1 0 1 0 
0 0 0 0 1 0 0 0 0 
0 1 0 1 0 0 0 0 1 
1 0 0 0 0 0 0 1 0 
0 1 1 0 1 0 0 1 0 
0 0 1 0 0 1 1 0 0 

0 0 1 0 0 1 0 0 1 
0 0 0 1 1 0 0 0 0 
0 0 0 1 0 0 1 1 0 
0 1 1 0 0 0 1 1 0 
0 0 0 0 1 0 0 0 0 
0 1 1 0 0 0 1 1 0 
0 1 1 0 0 1 0 0 0 
0 0 0 0 1 1 0 0 0 
1 0 0 1 0 0 1 0 0 

0 0 0 0 1 0 1 0 0 
1 0 1 1 0 0 1 0 0 
1 0 1 1 0 0 0 0 1 
0 0 1 0 0 0 0 0 0 
0 0 0 1 1 1 0 0 0 
0 0 0 0 0 0 1 0 0 
1 0 0 0 0 1 1 0 1 
0 0 1 0 0 1 1 0 1 
0 0 1 0 1 0 0 0 0 

0 1 0 1 0 1 0 1 0 
0 0 1 0 0 0 1 0 0 
0 0 0 1 0 1 0 1 0 
0 1 0 0 0 0 0 0 1 
0 0 0 1 1 1 0 0 0 
1 0 0 0 0 0 0 1 0 
0 1 0 1 0 1 0 0 0 
0 0 1 0 0 0 1 0 0 
0 1 0 1 0 1 0 1 0 

0 0 0 0 0 0 1 0 0 
0 0 1 1 0 0 0 0 1 
0 0 0 1 0 0 0 1 1 
1 1 0 0 0 0 1 0 0 
1 0 0 1 1 1 0 0 1 
0 0 1 0 0 0 0 1 1 
1 1 0 0 0 1 0 0 0 
1 0 0 0 0 1 1 0 0 
0 0 1 0 0 0 0 0 0 

0 0 0 0 0 0 1 0 0 
0 1 0 0 0 0 1 1 1 
0 0 0 1 0 0 0 1 1 
0 0 0 1 0 0 1 0 1 
1 0 0 0 1 0 0 0 1 
1 0 1 0 0 1 0 0 0 
1 1 0 0 0 1 0 0 0 
1 1 1 0 0 0 0 1 0 
0 0 1 0 0 0 0 0 0 

0 0 0 1 1 0 0 0 1 
0 0 0 0 0 0 1 0 0 
0 1 0 1 0 1 0 0 1 
0 1 1 0 0 0 1 0 0 
0 0 1 0 1 0 1 0 0 
0 0 1 0 0 0 1 1 0 
1 0 0 1 0 1 0 1 0 
0 0 1 0 0 0 0 0 0 
1 0 0 0 1 1 0 0 0 

1 1 0 1 1 0 0 0 0 
1 0 0 0 0 1 1 1 0 
0 0 0 0 0 0 0 0 0 
1 0 0 0 0 0 0 1 0 
0 1 0 1 1 1 0 1 0 
0 1 0 0 0 0 0 0 1 
0 0 0 0 0 0 0 0 0 
0 1 1 1 0 0 0 0 1 
0 0 0 0 1 1 0 1 1 

0 1 1 1 0 0 0 0 0 
0 1 0 0 0 0 0 1 0 
0 1 0 0 0 0 0 0 1 
1 0 1 0 0 1 0 0 1 
0 1 0 0 1 0 0 1 0 
1 0 0 1 0 0 1 0 1 
1 0 0 0 0 0 0 1 0 
0 1 0 0 0 0 0 1 0 
0 0 0 0 0 1 1 1 0 

1 0 0 0 1 0 0 1 0 
1 0 1 0 0 1 1 1 0 
0 0 0 0 0 0 0 1 0 
1 0 0 0 0 1 0 0 0 
0 0 0 1 1 1 0 0 0 
0 0 0 1 0 0 0 0 1 
0 1 0 0 0 0 0 0 0 
0 1 1 1 0 0 1 0 1 
0 1 0 0 1 0 0 0 1 

                                  26                                  

0 1 0 1 1 0 1 0 1 
1 0 0 0 0 0 0 0 0 
0 0 1 0 0 1 0 0 0 
0 0 0 0 1 1 0 0 1 
1 1 0 0 0 0 0 1 1 
1 0 0 1 1 0 0 0 0 
0 0 0 1 0 0 1 0 0 
0 0 0 0 0 0 0 0 1 
1 0 1 0 1 1 0 1 0 

0 0 0 0 0 0 0 0 0 
0 0 0 1 1 0 0 1 0 
0 0 1 1 1 1 0 1 1 
0 0 1 0 0 1 1 1 0 
0 0 0 0 0 0 0 0 0 
0 1 1 1 0 0 1 0 0 
1 1 0 1 1 1 1 0 0 
0 1 0 0 1 1 0 0 0 
0 0 0 0 0 0 0 0 0 

0 0 1 1 0 0 0 1 1 
1 0 0 1 0 0 0 0 0 
0 1 0 0 0 0 0 0 0 
0 0 1 0 1 0 0 1 0 
0 1 1 1 0 1 1 1 0 
0 1 0 0 1 0 1 0 0 
0 0 0 0 0 0 0 1 0 
0 0 0 0 0 1 0 0 1 
1 1 0 0 0 1 1 0 0 

0 1 0 1 0 1 1 0 0 
0 1 0 0 1 1 0 0 0 
0 0 1 0 0 0 0 1 0 
0 0 1 0 0 1 0 0 1 
1 0 0 0 0 0 0 0 1 
1 0 0 1 0 0 1 0 0 
0 1 0 0 0 0 1 0 0 
0 0 0 1 1 0 0 1 0 
0 0 1 1 0 1 0 1 0 

1 1 0 1 0 0 0 0 0 
0 0 1 0 1 0 1 0 0 
0 0 0 1 0 0 0 0 1 
0 1 0 0 0 1 0 1 0 
1 0 0 1 0 1 0 0 1 
0 1 0 1 0 0 0 1 0 
1 0 0 0 0 1 0 0 0 
0 0 1 0 1 0 1 0 0 
0 0 0 0 0 1 0 1 1 

1 0 1 1 0 0 0 1 1 
0 0 0 0 1 1 0 0 0 
0 0 0 0 0 1 0 1 1 
0 0 1 0 0 0 0 1 1 
0 0 0 0 0 0 0 0 0 
1 1 0 0 0 0 1 0 0 
1 1 0 1 0 0 0 0 0 
0 0 0 1 1 0 0 0 0 
1 1 0 0 0 1 1 0 1 

0 0 0 0 0 1 0 0 1 
1 0 1 0 0 1 1 0 0 
0 1 0 0 0 0 0 1 1 
0 0 1 0 1 0 0 0 1 
0 0 0 1 0 1 0 0 0 
1 0 0 0 1 0 1 0 0 
1 1 0 0 0 0 0 1 0 
0 0 1 1 0 0 1 0 1 
1 0 0 1 0 0 0 0 0 

0 0 0 0 1 0 1 0 0 
0 1 0 0 0 1 0 1 1 
1 0 0 0 1 0 0 0 0 
0 0 1 0 0 1 0 1 1 
1 0 0 0 0 0 0 0 1 
1 1 0 1 0 0 1 0 0 
0 0 0 0 1 0 0 0 1 
1 1 0 1 0 0 0 1 0 
0 0 1 0 1 0 0 0 0 

0 1 0 0 0 0 0 0 1 
0 0 0 1 1 1 0 0 1 
1 0 0 0 0 1 1 1 0 
0 1 0 0 0 1 0 0 0 
0 0 1 0 0 0 1 0 0 
0 0 0 1 0 0 0 1 0 
0 1 1 1 0 0 0 0 1 
1 0 0 1 1 1 0 0 0 
1 0 0 0 0 0 0 1 0 

0 1 1 0 1 0 0 0 0 
1 0 0 0 0 1 0 0 1 
1 1 0 0 0 0 1 0 0 
1 0 1 1 0 0 0 0 0 
0 0 1 0 0 0 1 0 0 
0 0 0 0 0 1 1 0 1 
0 0 1 0 0 0 0 1 1 
1 0 0 1 0 0 0 0 1 
0 0 0 0 1 0 1 1 0 

0 0 0 0 1 1 0 1 0 
0 1 0 0 1 0 0 0 1 
0 1 0 1 0 0 0 0 1 
0 1 1 0 0 0 0 1 0 
0 0 0 1 0 1 0 0 0 
0 1 0 0 0 0 1 1 0 
1 0 0 0 0 1 0 1 0 
1 0 0 0 1 0 0 1 0 
0 1 0 1 1 0 0 0 0 

1 0 1 1 0 0 0 1 0 
0 0 1 0 0 1 0 0 1 
0 0 1 0 0 1 1 0 0 
0 0 0 0 1 0 1 1 0 
0 0 0 0 0 0 0 0 0 
0 1 1 0 1 0 0 0 0 
0 0 1 1 0 0 1 0 0 
1 0 0 1 0 0 1 0 0 
0 1 0 0 0 1 1 0 1 

0 0 0 1 0 0 1 0 1 
0 0 1 0 1 0 0 0 0 
0 0 1 0 1 0 0 1 1 
0 0 0 1 1 0 0 1 0 
0 0 0 1 0 1 0 0 0 
0 1 0 0 1 1 0 0 0 
1 1 0 0 1 0 1 0 0 
0 0 0 0 1 0 1 0 0 
1 0 1 0 0 1 0 0 0 

0 0 0 0 0 1 0 0 0 
1 0 1 0 1 0 0 1 1 
0 0 1 1 1 0 0 0 0 
1 0 1 0 0 0 0 0 1 
0 1 0 0 0 0 0 1 0 
1 0 0 0 0 0 1 0 1 
0 0 0 0 1 1 1 0 0 
1 1 0 0 1 0 1 0 1 
0 0 0 1 0 0 0 0 0 

0 1 0 1 1 1 0 1 0 
1 0 0 0 0 0 0 0 1 
0 0 1 0 0 0 1 0 0 
0 1 0 1 0 1 0 1 0 
0 0 0 0 0 0 0 0 0 
0 1 0 1 0 1 0 1 0 
0 0 1 0 0 0 1 0 0 
1 0 0 0 0 0 0 0 1 
0 1 0 1 1 1 0 1 0 

1 1 0 0 0 0 0 0 0 
1 1 0 0 1 0 0 0 0 
0 1 0 1 0 1 0 0 0 
1 0 0 1 0 0 1 0 0 
1 0 1 0 0 0 1 0 1 
0 0 1 0 0 1 0 0 1 
0 0 0 1 0 1 0 1 0 
0 0 0 0 1 0 0 1 1 
0 0 0 0 0 0 0 1 1 

1 0 0 0 0 1 1 0 1 
1 0 0 0 0 0 1 0 0 
0 1 0 1 0 0 0 1 0 
0 0 0 1 1 1 0 0 0 
0 0 1 0 0 0 1 0 0 
0 0 0 1 1 1 0 0 0 
0 1 0 0 0 1 0 1 0 
0 0 1 0 0 0 0 0 1 
1 0 1 1 0 0 0 0 1 

0 1 0 1 0 1 1 0 0 
1 1 0 0 0 0 0 1 0 
0 0 0 1 1 0 0 1 0 
0 0 0 0 1 1 1 0 0 
0 0 0 0 0 0 0 0 0 
0 0 1 1 1 0 0 0 0 
0 1 0 0 1 1 0 0 0 
0 1 0 0 0 0 0 1 1 
0 0 1 1 0 1 0 1 0 

0 0 1 0 1 0 0 1 0 
0 0 0 0 0 1 0 0 0 
1 0 0 1 0 1 0 1 0 
1 1 0 1 0 0 1 0 0 
0 1 0 0 0 0 0 1 0 
0 0 1 0 0 1 0 1 1 
0 1 0 1 0 1 0 0 1 
0 0 0 1 0 0 0 0 0 
0 1 0 0 1 0 1 0 0 

0 0 0 1 0 1 0 0 1 
1 1 0 1 0 0 1 0 0 
0 1 0 1 0 0 0 0 0 
0 0 0 0 0 0 1 0 1 
1 1 0 0 0 0 0 1 1 
1 0 1 0 0 0 0 0 0 
0 0 0 0 0 1 0 1 0 
0 0 1 0 0 1 0 1 1 
1 0 0 1 0 1 0 0 0 

0 0 0 1 0 0 0 0 0 
0 0 1 0 1 0 1 0 0 
0 0 1 1 0 0 0 1 1 
1 0 1 0 0 1 0 0 1 
1 0 0 0 0 0 0 0 1 
1 0 0 1 0 0 1 0 1 
1 1 0 0 0 1 1 0 0 
0 0 1 0 1 0 1 0 0 
0 0 0 0 0 1 0 0 0 

0 0 0 1 0 1 1 0 1 
0 0 0 0 1 0 0 0 0 
0 1 0 0 1 0 0 0 1 
0 0 1 1 1 0 1 0 0 
1 0 0 0 0 0 0 0 1 
0 0 1 0 1 1 1 0 0 
1 0 0 0 1 0 0 1 0 
0 0 0 0 1 0 0 0 0 
1 0 1 1 0 1 0 0 0 

0 0 0 0 0 1 1 0 1 
0 1 0 0 1 0 0 0 0 
1 1 0 0 0 1 0 0 0 
0 0 1 0 1 1 0 0 1 
0 0 0 1 0 1 0 0 0 
1 0 0 1 1 0 1 0 0 
0 0 0 1 0 0 0 1 1 
0 0 0 0 1 0 0 1 0 
1 0 1 1 0 0 0 0 0 

1 0 1 0 1 0 0 0 1 
0 0 0 1 0 0 1 0 0 
0 0 1 0 0 1 0 1 0 
0 0 1 0 0 0 0 1 0 
0 0 1 1 0 1 1 0 0 
0 1 0 0 0 0 1 0 0 
0 1 0 1 0 0 1 0 0 
0 0 1 0 0 1 0 0 0 
1 0 0 0 1 0 1 0 1 

0 0 1 0 0 0 1 0 0 
0 0 0 0 1 0 1 0 1 
1 0 0 1 1 0 0 1 0 
0 0 0 1 0 0 0 0 1 
0 0 1 1 0 1 1 0 0 
1 0 0 0 0 1 0 0 0 
0 1 0 0 1 1 0 0 1 
1 0 1 0 1 0 0 0 0 
0 0 1 0 0 0 1 0 0 

1 0 0 0 0 1 1 0 0 
0 0 0 1 1 0 1 0 0 
0 1 0 0 1 0 1 0 0 
1 0 0 1 1 1 0 0 0 
0 0 0 0 0 0 0 0 0 
0 0 0 1 1 1 0 0 1 
0 0 1 0 1 0 0 1 0 
0 0 1 0 1 1 0 0 0 
0 0 1 1 0 0 0 0 1 

1 0 0 0 1 0 0 1 0 
1 1 0 1 0 0 0 0 1 
0 0 1 0 0 1 0 0 0 
1 1 0 0 1 0 0 0 0 
0 1 0 0 0 0 0 1 0 
0 0 0 0 1 0 0 1 1 
0 0 0 1 0 0 1 0 0 
1 0 0 0 0 1 0 1 1 
0 1 0 0 1 0 0 0 1 

1 1 0 0 1 1 0 0 1 
0 0 0 1 0 0 1 0 1 
0 0 0 0 1 0 0 0 0 
0 1 0 1 0 0 0 1 0 
0 0 1 0 0 0 1 0 0 
0 1 0 0 0 1 0 1 0 
0 0 0 0 1 0 0 0 0 
1 0 1 0 0 1 0 0 0 
1 0 0 1 1 0 0 1 1 

1 1 1 0 0 0 0 1 1 
0 0 0 1 1 0 0 1 0 
0 0 0 0 0 1 0 0 0 
0 1 1 0 0 0 1 0 0 
0 0 0 1 0 1 0 0 0 
0 0 1 0 0 0 1 1 0 
0 0 0 1 0 0 0 0 0 
0 1 0 0 1 1 0 0 0 
1 1 0 0 0 0 1 1 1 

0 1 1 1 0 0 0 1 0 
0 0 0 0 0 0 0 0 1 
0 1 1 1 0 0 0 0 0 
0 0 1 0 1 0 0 1 0 
1 0 1 0 0 0 1 0 1 
0 1 0 0 1 0 1 0 0 
0 0 0 0 0 1 1 1 0 
1 0 0 0 0 0 0 0 0 
0 1 0 0 0 1 1 1 0 

                                  27                                  

1 1 0 0 0 1 0 0 0 
1 0 0 0 1 0 0 0 0 
0 1 0 0 0 1 1 0 0 
0 1 0 0 1 0 0 0 1 
1 0 1 0 1 0 1 0 1 
1 0 0 0 1 0 0 1 0 
0 0 1 1 0 0 0 1 0 
0 0 0 0 1 0 0 0 1 
0 0 0 1 0 0 0 1 1 

1 0 0 0 0 0 1 0 1 
0 0 1 1 0 1 0 0 0 
1 0 0 0 0 1 0 0 0 
0 0 1 0 0 0 0 1 0 
0 1 1 1 1 1 1 1 0 
0 1 0 0 0 0 1 0 0 
0 0 0 1 0 0 0 0 1 
0 0 0 1 0 1 1 0 0 
1 0 1 0 0 0 0 0 1 

1 0 0 1 0 1 0 0 0 
0 0 1 0 0 0 1 0 0 
0 0 0 1 0 0 1 0 1 
0 0 1 0 0 1 1 1 0 
1 0 0 0 1 0 0 0 1 
0 1 1 1 0 0 1 0 0 
1 0 1 0 0 1 0 0 0 
0 0 1 0 0 0 1 0 0 
0 0 0 1 0 1 0 0 1 

0 1 1 1 0 0 0 0 1 
0 0 0 0 1 1 0 1 1 
0 1 1 0 0 0 0 0 0 
0 0 1 0 1 0 0 0 1 
0 1 0 0 0 0 0 1 0 
1 0 0 0 1 0 1 0 0 
0 0 0 0 0 0 1 1 0 
1 1 0 1 1 0 0 0 0 
1 0 0 0 0 1 1 1 0 

1 0 0 0 0 0 0 1 1 
1 1 0 1 0 1 0 0 1 
1 0 0 0 1 0 0 0 0 
0 1 0 0 0 1 0 0 0 
1 0 1 0 0 0 1 0 1 
0 0 0 1 0 0 0 1 0 
0 0 0 0 1 0 0 0 1 
1 0 0 1 0 1 0 1 1 
1 1 0 0 0 0 0 0 1 

0 0 1 0 1 0 0 1 0 
0 1 1 0 1 0 0 0 0 
1 0 1 0 0 1 0 0 0 
0 1 1 0 0 0 0 0 1 
0 1 0 1 0 1 0 1 0 
1 0 0 0 0 0 1 1 0 
0 0 0 1 0 0 1 0 1 
0 0 0 0 1 0 1 1 0 
0 1 0 0 1 0 1 0 0 

0 0 0 0 1 0 1 1 1 
0 0 1 0 0 0 0 0 1 
0 1 0 0 0 1 0 1 0 
0 0 0 1 0 0 1 0 0 
1 1 0 1 0 1 0 1 1 
0 0 1 0 0 1 0 0 0 
0 1 0 1 0 0 0 1 0 
1 0 0 0 0 0 1 0 0 
1 1 1 0 1 0 0 0 0 

1 0 1 1 0 0 0 1 0 
0 0 0 0 1 0 0 0 0 
0 0 0 0 1 1 0 0 1 
1 0 1 0 0 1 1 0 0 
1 0 1 0 0 0 1 0 1 
0 0 1 1 0 0 1 0 1 
1 0 0 1 1 0 0 0 0 
0 0 0 0 1 0 0 0 0 
0 1 0 0 0 1 1 0 1 

0 1 0 1 0 0 1 1 0 
0 0 0 1 1 0 0 1 0 
1 0 0 0 0 0 0 0 0 
0 1 1 1 0 1 0 0 1 
0 1 0 0 0 0 0 1 0 
1 0 0 1 0 1 1 1 0 
0 0 0 0 0 0 0 0 1 
0 1 0 0 1 1 0 0 0 
0 1 1 0 0 1 0 1 0 

1 0 0 1 0 0 0 1 1 
0 1 0 0 1 0 0 0 0 
1 1 0 0 0 1 0 1 0 
1 0 1 0 1 1 0 0 0 
0 0 0 0 0 0 0 0 0 
0 0 0 1 1 0 1 0 1 
0 1 0 1 0 0 0 1 1 
0 0 0 0 1 0 0 1 0 
1 1 0 0 0 1 0 0 1 

0 0 0 1 0 1 1 0 1 
1 1 0 1 0 0 0 0 1 
0 0 0 0 0 1 0 0 0 
0 1 1 1 0 0 0 1 1 
0 0 0 0 0 0 0 0 0 
1 1 0 0 0 1 1 1 0 
0 0 0 1 0 0 0 0 0 
1 0 0 0 0 1 0 1 1 
1 0 1 1 0 1 0 0 0 

1 1 0 0 1 1 1 0 0 
0 1 0 1 0 0 1 0 1 
1 1 0 0 0 0 0 0 0 
0 0 0 1 0 0 0 0 1 
0 0 0 1 0 1 0 0 0 
1 0 0 0 0 1 0 0 0 
0 0 0 0 0 0 0 1 1 
1 0 1 0 0 1 0 1 0 
0 0 1 1 1 0 0 1 1 

0 0 0 1 0 0 0 1 1 
1 1 0 0 0 1 0 0 0 
1 0 0 0 1 0 0 1 1 
0 1 0 0 1 0 1 0 0 
1 0 0 0 0 0 0 0 1 
0 0 1 0 1 0 0 1 0 
1 1 0 0 1 0 0 0 1 
0 0 0 1 0 0 0 1 1 
1 1 0 0 0 1 0 0 0 

0 1 1 1 1 0 0 1 1 
0 0 1 0 0 0 0 0 0 
1 1 0 1 0 0 1 0 0 
0 1 0 0 1 0 1 0 0 
0 0 0 0 0 0 0 0 0 
0 0 1 0 1 0 0 1 0 
0 0 1 0 0 1 0 1 1 
0 0 0 0 0 0 1 0 0 
1 1 0 0 1 1 1 1 0 

0 0 0 0 0 1 0 0 1 
1 1 0 0 1 0 1 0 0 
0 0 0 1 0 1 0 0 1 
0 0 0 1 1 0 1 0 0 
1 0 1 0 0 0 1 0 1 
0 0 1 0 1 1 0 0 0 
1 0 0 1 0 1 0 0 0 
0 0 1 0 1 0 0 1 1 
1 0 0 1 0 0 0 0 0 

1 0 0 0 0 0 1 1 0 
1 0 0 0 1 1 0 1 0 
0 1 0 0 0 0 0 0 0 
0 0 0 1 0 1 1 0 0 
0 1 1 1 0 1 1 1 0 
0 0 1 1 0 1 0 0 0 
0 0 0 0 0 0 0 1 0 
0 1 0 1 1 0 0 0 1 
0 1 1 0 0 0 0 0 1 

0 0 0 1 0 0 1 0 0 
1 1 0 0 0 0 0 1 0 
0 0 1 0 0 1 0 1 0 
0 1 1 1 1 0 0 1 0 
1 0 0 0 0 0 0 0 1 
0 1 0 0 1 1 1 1 0 
0 1 0 1 0 0 1 0 0 
0 1 0 0 0 0 0 1 1 
0 0 1 0 0 1 0 0 0 

1 0 0 0 0 1 0 1 1 
0 0 0 1 0 0 0 0 1 
1 0 0 1 0 0 0 1 0 
0 0 0 1 1 1 0 1 0 
0 1 0 0 0 0 0 1 0 
0 1 0 1 1 1 0 0 0 
0 1 0 0 0 1 0 0 1 
1 0 0 0 0 1 0 0 0 
1 1 0 1 0 0 0 0 1 

0 0 1 1 0 0 1 0 0 
1 1 0 0 1 1 0 0 0 
1 0 0 1 0 0 0 1 0 
1 0 0 0 1 0 0 0 1 
0 0 1 0 0 0 1 0 0 
1 0 0 0 1 0 0 0 1 
0 1 0 0 0 1 0 0 1 
0 0 0 1 1 0 0 1 1 
0 0 1 0 0 1 1 0 0 

0 1 0 1 0 0 0 1 0 
0 0 0 1 0 0 0 1 1 
0 0 1 1 0 1 1 1 0 
0 1 1 0 0 0 0 0 0 
1 0 0 0 0 0 0 0 1 
0 0 0 0 0 0 1 1 0 
0 1 1 1 0 1 1 0 0 
1 1 0 0 0 1 0 0 0 
0 1 0 0 0 1 0 1 0 

0 0 1 1 1 0 1 0 1 
1 0 1 1 0 0 0 0 1 
0 1 0 0 0 0 0 0 0 
1 0 1 0 0 1 0 0 0 
0 0 1 0 0 0 1 0 0 
0 0 0 1 0 0 1 0 1 
0 0 0 0 0 0 0 1 0 
1 0 0 0 0 1 1 0 1 
1 0 1 0 1 1 1 0 0 

0 1 0 0 0 1 0 0 0 
1 0 0 1 1 0 1 1 0 
1 0 1 0 0 0 0 1 0 
0 1 1 0 1 0 0 0 0 
0 0 0 1 0 1 0 0 0 
0 0 0 0 1 0 1 1 0 
0 1 0 0 0 0 1 0 1 
0 1 1 0 1 1 0 0 1 
0 0 0 1 0 0 0 1 0 

0 0 0 1 0 0 0 1 1 
0 1 0 1 0 0 0 1 0 
0 0 1 0 0 1 1 0 0 
1 0 0 0 1 1 0 0 0 
0 1 1 0 0 0 1 1 0 
0 0 0 1 1 0 0 0 1 
0 0 1 1 0 0 1 0 0 
0 1 0 0 0 1 0 1 0 
1 1 0 0 0 1 0 0 0 

1 0 0 1 0 1 1 0 0 
0 0 1 1 0 1 0 1 0 
0 0 0 0 0 0 1 0 0 
0 1 0 0 1 1 0 0 0 
0 0 1 1 0 1 1 0 0 
0 0 0 1 1 0 0 1 0 
0 0 1 0 0 0 0 0 0 
0 1 0 1 0 1 1 0 0 
0 0 1 1 0 1 0 0 1 

0 1 1 0 1 0 1 0 0 
1 0 0 0 0 0 0 0 1 
1 0 1 0 1 0 0 0 0 
1 0 1 1 0 0 1 0 0 
0 1 0 0 0 0 0 1 0 
0 0 1 0 0 1 1 0 1 
0 0 0 0 1 0 1 0 1 
1 0 0 0 0 0 0 0 1 
0 0 1 0 1 0 1 1 0 

0 0 0 0 0 1 1 1 0 
1 0 1 1 0 0 1 0 0 
0 0 0 0 1 0 0 0 0 
1 0 0 0 0 0 0 1 1 
1 1 0 1 0 1 0 1 1 
1 1 0 0 0 0 0 0 1 
0 0 0 0 1 0 0 0 0 
0 0 1 0 0 1 1 0 1 
0 1 1 1 0 0 0 0 0 

1 0 0 0 0 1 0 1 0 
0 0 0 1 1 0 0 1 0 
0 1 0 1 0 0 0 0 1 
0 1 1 0 1 0 0 0 0 
1 0 0 1 0 1 0 0 1 
0 0 0 0 1 0 1 1 0 
1 0 0 0 0 1 0 1 0 
0 1 0 0 1 1 0 0 0 
0 1 0 1 0 0 0 0 1 

1 0 1 0 0 1 0 1 0 
0 0 0 0 1 1 0 0 1 
1 0 0 0 1 0 1 0 0 
0 0 1 0 0 0 0 1 0 
0 0 1 1 0 1 1 0 0 
0 1 0 0 0 0 1 0 0 
0 0 1 0 1 0 0 0 1 
1 0 0 1 1 0 0 0 0 
0 1 0 1 0 0 1 0 1 

1 0 0 1 0 0 0 0 0 
1 0 1 0 1 1 0 0 1 
0 1 1 1 0 0 0 0 0 
0 0 0 0 0 0 1 1 0 
1 0 1 0 0 0 1 0 1 
0 1 1 0 0 0 0 0 0 
0 0 0 0 0 1 1 1 0 
1 0 0 1 1 0 1 0 1 
0 0 0 0 0 1 0 0 1 

1 0 0 1 1 0 0 0 1 
0 1 0 0 0 0 1 1 0 
0 1 0 0 1 1 0 0 1 
0 0 0 0 0 1 0 0 1 
0 0 1 0 0 0 1 0 0 
1 0 0 1 0 0 0 0 0 
1 0 0 1 1 0 0 1 0 
0 1 1 0 0 0 0 1 0 
1 0 0 0 1 1 0 0 1 

1 0 1 1 0 1 0 0 0 
1 0 0 0 0 1 1 0 0 
0 1 0 0 0 1 0 1 0 
0 1 0 0 1 0 0 0 1 
0 1 0 0 0 0 0 1 0 
1 0 0 0 1 0 0 1 0 
0 1 0 1 0 0 0 1 0 
0 0 1 1 0 0 0 0 1 
0 0 0 1 0 1 1 0 1 

0 0 1 0 0 0 0 1 1 
0 1 1 0 1 1 0 0 0 
1 0 0 1 0 0 0 0 0 
1 0 1 1 0 1 0 0 0 
0 1 0 0 0 0 0 1 0 
0 0 0 1 0 1 1 0 1 
0 0 0 0 0 1 0 0 1 
0 0 0 1 1 0 1 1 0 
1 1 0 0 0 0 1 0 0 

1 1 0 1 0 1 0 1 1 
0 0 0 0 1 0 0 0 0 
0 1 0 0 0 0 0 1 0 
0 0 1 1 0 1 1 0 0 
1 0 0 0 0 0 0 0 1 
0 0 1 1 0 1 1 0 0 
0 1 0 0 0 0 0 1 0 
0 0 0 0 1 0 0 0 0 
1 1 0 1 0 1 0 1 1 

1 0 0 1 0 0 0 0 0 
1 1 0 0 1 0 0 0 0 
0 0 1 0 0 0 1 1 0 
0 1 0 1 0 1 0 0 1 
1 0 0 1 0 1 0 0 1 
1 0 0 1 0 1 0 1 0 
0 1 1 0 0 0 1 0 0 
0 0 0 0 1 0 0 1 1 
0 0 0 0 0 1 0 0 1 

0 1 0 1 0 0 0 0 0 
1 1 0 0 0 0 1 0 1 
0 0 1 0 1 0 0 0 1 
1 0 1 0 1 1 0 0 0 
0 1 0 0 0 0 0 1 0 
0 0 0 1 1 0 1 0 1 
1 0 0 0 1 0 1 0 0 
1 0 1 0 0 0 0 1 1 
0 0 0 0 0 1 0 1 0 

0 1 1 1 0 0 0 0 0 
1 0 0 0 1 0 0 0 1 
0 0 0 0 1 0 0 0 1 
1 0 1 0 0 1 0 1 0 
1 1 0 0 0 0 0 1 1 
0 1 0 1 0 0 1 0 1 
1 0 0 0 1 0 0 0 0 
1 0 0 0 1 0 0 0 1 
0 0 0 0 0 1 1 1 0 

1 1 0 0 0 1 1 0 0 
1 0 0 1 1 0 0 0 1 
0 0 0 0 0 1 1 0 0 
0 0 1 0 1 0 0 0 1 
0 1 0 0 0 0 0 1 0 
1 0 0 0 1 0 1 0 0 
0 0 1 1 0 0 0 0 0 
1 0 0 0 1 1 0 0 1 
0 0 1 1 0 0 0 1 1 

1 0 1 0 1 0 1 0 1 
0 0 0 0 0 0 0 0 0 
0 0 0 1 0 0 1 1 1 
0 0 0 1 1 0 0 0 1 
1 0 0 1 0 1 0 0 1 
1 0 0 0 1 1 0 0 0 
1 1 1 0 0 1 0 0 0 
0 0 0 0 0 0 0 0 0 
1 0 1 0 1 0 1 0 1 

0 0 0 1 1 0 0 1 1 
1 1 0 0 1 1 0 0 1 
0 0 0 0 0 0 0 0 0 
0 1 0 0 0 1 0 1 0 
0 1 1 0 0 0 1 1 0 
0 1 0 1 0 0 0 1 0 
0 0 0 0 0 0 0 0 0 
1 0 0 1 1 0 0 1 1 
1 1 0 0 1 1 0 0 0 

0 1 0 0 0 1 1 1 0 
0 0 1 0 0 0 0 1 1 
0 0 0 0 1 0 1 0 1 
0 0 0 1 1 0 0 0 1 
0 1 0 0 0 0 0 1 0 
1 0 0 0 1 1 0 0 0 
1 0 1 0 1 0 0 0 0 
1 1 0 0 0 0 1 0 0 
0 1 1 1 0 0 0 1 0 

0 1 0 1 1 1 0 0 0 
0 0 0 1 0 0 0 0 1 
0 1 0 0 0 0 0 0 1 
1 0 0 0 0 0 0 1 1 
0 1 1 1 0 1 1 1 0 
1 1 0 0 0 0 0 0 1 
1 0 0 0 0 0 0 1 0 
1 0 0 0 0 1 0 0 0 
0 0 0 1 1 1 0 1 0 

1 0 1 1 0 0 0 1 0 
0 0 0 1 1 0 1 0 0 
1 0 0 0 0 1 0 0 0 
1 0 0 0 0 0 0 1 1 
1 0 1 0 0 0 1 0 1 
1 1 0 0 0 0 0 0 1 
0 0 0 1 0 0 0 0 1 
0 0 1 0 1 1 0 0 0 
0 1 0 0 0 1 1 0 1 

0 0 0 1 1 0 0 0 1 
1 0 0 0 0 0 1 1 1 
0 0 1 0 0 0 0 1 0 
0 0 0 1 1 0 0 0 1 
0 1 0 1 0 1 0 1 0 
1 0 0 0 1 1 0 0 0 
0 1 0 0 0 0 1 0 0 
1 1 1 0 0 0 0 0 1 
1 0 0 0 1 1 0 0 0 

0 0 0 1 1 0 0 1 0 
0 0 0 1 1 1 0 1 0 
1 0 0 0 0 1 1 0 0 
1 0 0 0 0 0 1 0 1 
0 0 0 1 0 1 0 0 0 
1 0 1 0 0 0 0 0 1 
0 0 1 1 0 0 0 0 1 
0 1 0 1 1 1 0 0 0 
0 1 0 0 1 1 0 0 0 

1 0 0 0 0 0 1 1 0 
0 1 1 0 0 1 0 0 0 
0 0 1 0 0 1 1 0 0 
1 0 0 0 1 0 0 1 0 
0 1 1 0 0 0 1 1 0 
0 1 0 0 1 0 0 0 1 
0 0 1 1 0 0 1 0 0 
0 0 0 1 0 0 1 1 0 
0 1 1 0 0 0 0 0 1 

0 0 1 0 0 1 0 0 1 
1 0 0 0 1 0 0 0 0 
0 0 1 0 0 0 1 1 0 
1 0 0 1 1 0 0 0 1 
1 0 0 1 0 1 0 0 1 
1 0 0 0 1 1 0 0 1 
0 1 1 0 0 0 1 0 0 
0 0 0 0 1 0 0 0 1 
1 0 0 1 0 0 1 0 0 

1 0 0 0 1 0 1 0 0 
1 0 0 0 0 1 1 0 1 
0 0 0 1 0 0 1 0 0 
0 0 1 1 0 1 1 0 1 
0 0 0 0 0 0 0 0 0 
1 0 1 1 0 1 1 0 0 
0 0 1 0 0 1 0 0 0 
1 0 1 1 0 0 0 0 1 
0 0 1 0 1 0 0 0 1 

0 1 1 0 1 0 0 0 1 
0 1 0 0 0 0 1 0 0 
1 0 1 0 1 1 0 0 0 
0 0 1 1 0 0 1 0 0 
0 0 0 1 0 1 0 0 0 
0 0 1 0 0 1 1 0 0 
0 0 0 1 1 0 1 0 1 
0 0 1 0 0 0 0 1 0 
1 0 0 0 1 0 1 1 0 

0 0 0 0 0 1 0 1 1 
1 1 0 0 0 0 0 0 0 
0 0 0 0 0 1 1 0 1 
1 1 0 0 1 1 0 1 0 
0 1 0 0 0 0 0 1 0 
0 1 0 1 1 0 0 1 1 
1 0 1 1 0 0 0 0 0 
0 0 0 0 0 0 0 1 1 
1 1 0 1 0 0 0 0 0 

0 0 1 0 1 1 0 0 0 
0 0 1 1 0 0 1 0 0 
0 0 0 1 0 0 0 1 1 
0 0 1 1 0 0 1 0 1 
0 1 0 0 0 0 0 1 0 
1 0 1 0 0 1 1 0 0 
1 1 0 0 0 1 0 0 0 
0 0 1 0 0 1 1 0 0 
0 0 0 1 1 0 1 0 0 

1 0 0 1 0 0 0 0 0 
0 1 0 1 1 1 0 0 1 
0 0 1 0 1 1 0 1 0 
1 0 0 0 0 1 0 0 0 
0 0 1 0 0 0 1 0 0 
0 0 0 1 0 0 0 0 1 
0 1 0 1 1 0 1 0 0 
1 0 0 1 1 1 0 1 0 
0 0 0 0 0 1 0 0 1 

0 1 0 0 1 1 0 1 0 
1 0 0 0 0 0 0 0 0 
0 0 0 0 1 1 0 1 1 
1 0 1 0 1 0 1 0 0 
0 0 0 1 0 1 0 0 0 
0 0 1 0 1 0 1 0 1 
1 1 0 1 1 0 0 0 0 
0 0 0 0 0 0 0 0 1 
0 1 0 1 1 0 0 1 0 

1 1 0 0 0 1 0 0 0 
0 0 0 1 0 0 0 1 1 
1 0 1 1 1 0 0 0 1 
0 1 0 1 1 0 0 0 0 
0 0 0 0 0 0 0 0 0 
0 0 0 0 1 1 0 1 0 
1 0 0 0 1 1 1 0 1 
1 1 0 0 0 1 0 0 0 
0 0 0 1 0 0 0 1 1 

1 0 0 0 1 1 1 0 1 
1 1 0 0 0 0 0 1 0 
0 0 0 0 1 1 0 1 0 
0 1 0 0 0 0 1 0 0 
0 0 0 1 0 1 0 0 0 
0 0 1 0 0 0 0 1 0 
0 1 0 1 1 0 0 0 0 
0 1 0 0 0 0 0 1 1 
1 0 1 1 1 0 0 0 1 

0 1 0 0 0 0 0 1 0 
0 0 1 0 1 0 1 0 0 
1 1 0 0 0 0 0 1 1 
0 0 1 1 1 1 1 0 0 
0 0 0 0 0 0 0 0 0 
0 0 1 1 1 1 1 0 0 
1 1 0 0 0 0 0 1 1 
0 0 1 0 1 0 1 0 0 
0 1 0 0 0 0 0 1 0 

0 0 0 1 0 1 0 0 0 
0 1 0 0 0 0 0 1 0 
1 0 1 0 0 0 1 0 1 
0 0 1 1 1 1 1 0 0 
1 0 0 0 0 0 0 0 1 
0 0 1 1 1 1 1 0 0 
1 0 1 0 0 0 1 0 1 
0 1 0 0 0 0 0 1 0 
0 0 0 1 0 1 0 0 0 

0 0 1 0 0 0 1 0 0 
0 0 0 0 0 1 0 1 1 
1 1 0 1 1 0 0 0 0 
0 0 0 0 0 0 0 1 1 
1 1 1 0 0 0 1 1 1 
1 1 0 0 0 0 0 0 0 
0 0 0 0 1 1 0 1 1 
1 1 0 1 0 0 0 0 0 
0 0 1 0 0 0 1 0 0 

1 0 0 0 1 0 1 1 0 
0 1 0 1 1 0 1 0 0 
0 0 0 0 0 1 0 0 0 
0 1 1 0 0 0 1 0 1 
1 0 0 0 0 0 0 0 1 
1 0 1 0 0 0 1 1 0 
0 0 0 1 0 0 0 0 0 
0 0 1 0 1 1 0 1 0 
0 1 1 0 1 0 0 0 1 

0 0 0 0 1 0 1 0 0 
1 1 0 0 0 0 0 1 0 
0 1 1 1 0 0 1 0 0 
0 0 1 1 0 0 1 1 0 
0 0 0 1 0 1 0 0 0 
0 1 1 0 0 1 1 0 0 
0 0 1 0 0 1 1 1 0 
0 1 0 0 0 0 0 1 1 
0 0 1 0 1 0 0 0 0 

0 1 0 1 0 0 0 0 1 
0 0 0 1 0 0 0 1 1 
1 1 0 1 0 0 0 0 0 
0 1 0 1 1 0 1 0 1 
0 0 0 0 0 0 0 0 0 
1 0 1 0 1 1 0 1 0 
0 0 0 0 0 1 0 1 1 
1 1 0 0 0 1 0 0 0 
1 0 0 0 0 1 0 1 0 

0 1 0 0 0 1 0 1 1 
0 0 1 0 0 1 1 0 0 
0 0 0 0 0 0 0 0 1 
1 1 0 1 0 0 1 0 0 
1 0 0 1 0 1 0 0 1 
0 0 1 0 0 1 0 1 1 
1 0 0 0 0 0 0 0 0 
0 0 1 1 0 0 1 0 0 
1 1 0 1 0 0 0 1 0 

1 0 1 0 1 1 0 0 1 
0 0 1 0 1 1 1 0 0 
0 0 0 0 0 0 0 0 0 
0 0 1 0 1 0 0 1 0 
1 0 1 0 0 0 1 0 1 
0 1 0 0 1 0 1 0 0 
0 0 0 0 0 0 0 0 0 
0 0 1 1 1 0 1 0 0 
1 0 0 1 1 0 1 0 1 

1 0 0 1 1 0 0 0 0 
1 0 0 0 1 0 1 1 0 
0 1 0 0 0 1 0 0 0 
1 0 0 0 0 0 1 1 1 
0 0 0 1 0 1 0 0 0 
1 1 1 0 0 0 0 0 1 
0 0 0 1 0 0 0 1 0 
0 1 1 0 1 0 0 0 1 
0 0 0 0 1 1 0 0 1 

1 0 0 0 0 0 0 1 0 
1 0 0 1 0 1 1 0 0 
0 0 0 0 0 1 0 1 1 
1 1 1 0 0 1 0 0 0 
0 0 1 0 0 0 1 0 0 
0 0 0 1 0 0 1 1 1 
1 1 0 1 0 0 0 0 0 
0 0 1 1 0 1 0 0 1 
0 1 0 0 0 0 0 0 1 

0 1 0 0 0 0 0 1 0 
1 0 0 0 1 0 0 0 1 
1 0 0 1 0 1 0 0 1 
0 0 1 1 0 1 1 0 0 
0 0 0 0 1 0 0 0 0 
0 0 1 1 0 1 1 0 0 
1 0 0 1 0 1 0 0 1 
1 0 0 0 1 0 0 0 1 
0 1 0 0 0 0 0 1 0 

0 0 1 1 0 0 0 0 0 
1 0 1 0 0 0 0 0 0 
0 1 0 0 1 0 0 1 1 
1 0 0 0 0 1 1 1 0 
0 0 1 0 1 0 1 0 0 
0 1 1 1 0 0 0 0 1 
1 1 0 0 1 0 0 1 0 
0 0 0 0 0 0 1 0 1 
0 0 0 0 0 1 1 0 0 

1 0 0 1 0 1 0 0 1 
0 0 0 0 0 0 0 0 0 
0 1 1 0 0 0 1 1 0 
0 1 0 1 0 1 0 1 0 
0 1 0 0 1 0 0 1 0 
0 1 0 1 0 1 0 1 0 
0 1 1 0 0 0 1 1 0 
0 0 0 0 0 0 0 0 0 
1 0 0 1 0 1 0 0 1 

0 1 0 0 1 0 1 0 1 
0 0 0 1 0 1 0 1 1 
0 0 0 0 0 0 0 0 0 
0 1 1 0 0 1 0 1 0 
0 0 0 1 0 1 0 0 0 
0 1 0 1 0 0 1 1 0 
0 0 0 0 0 0 0 0 0 
1 1 0 1 0 1 0 0 0 
1 0 1 0 1 0 0 1 1 

1 0 1 0 0 0 0 0 1 
0 1 0 0 0 0 0 1 0 
0 1 0 1 0 0 0 1 0 
0 0 0 1 1 1 1 0 1 
0 0 0 0 1 0 0 0 0 
1 0 1 1 1 1 0 0 0 
0 1 0 0 0 1 0 1 0 
0 1 0 0 0 0 0 1 0 
1 0 0 0 0 0 1 0 1 

0 1 0 0 0 0 0 0 1 
0 0 1 1 0 0 0 0 0 
1 0 1 0 1 1 0 0 1 
0 0 0 0 0 1 0 1 1 
0 0 1 0 1 0 1 0 0 
1 1 0 1 0 0 0 0 0 
1 0 0 1 1 0 1 0 1 
0 0 0 0 0 1 1 0 0 
1 0 0 0 0 0 0 1 0 

                                  28                                  

0 0 0 0 0 1 1 0 0 
0 0 0 1 1 0 1 0 0 
1 1 1 0 0 0 1 0 0 
1 0 0 1 0 1 0 1 0 
0 1 0 0 0 0 0 1 0 
0 1 0 1 0 1 0 0 1 
0 0 1 0 0 0 1 1 1 
0 0 1 0 1 1 0 0 0 
0 0 1 1 0 0 0 0 0 

1 0 0 0 0 0 0 0 1 
0 0 0 1 0 1 0 0 0 
0 1 1 1 0 1 1 1 0 
0 1 0 0 1 0 0 1 0 
1 0 0 0 0 0 0 0 1 
0 1 0 0 1 0 0 1 0 
0 1 1 1 0 1 1 1 0 
0 0 0 1 0 1 0 0 0 
1 0 0 0 0 0 0 0 1 

0 1 1 1 0 0 1 0 0 
0 0 0 0 1 0 1 0 1 
1 1 0 0 0 1 0 0 1 
0 0 1 0 0 0 0 0 1 
0 1 0 0 0 0 0 1 0 
1 0 0 0 0 0 1 0 0 
1 0 0 1 0 0 0 1 1 
1 0 1 0 1 0 0 0 0 
0 0 1 0 0 1 1 1 0 

0 0 0 1 0 1 0 0 0 
0 0 1 0 0 0 1 0 0 
1 1 0 1 0 1 0 1 1 
0 1 0 0 0 0 0 1 0 
1 0 1 0 0 0 1 0 1 
0 1 0 0 0 0 0 1 0 
1 1 0 1 0 1 0 1 1 
0 0 1 0 0 0 1 0 0 
0 0 0 1 0 1 0 0 0 

0 1 0 0 1 0 0 1 0 
0 0 1 1 0 1 1 0 0 
1 0 0 0 0 0 0 0 1 
1 0 1 0 0 0 1 0 1 
0 0 0 1 0 1 0 0 0 
1 0 1 0 0 0 1 0 1 
1 0 0 0 0 0 0 0 1 
0 0 1 1 0 1 1 0 0 
0 1 0 0 1 0 0 1 0 

1 1 0 0 1 0 0 1 0 
0 1 0 0 1 0 0 1 1 
0 1 0 0 0 1 0 0 0 
0 0 1 1 0 1 0 0 0 
1 0 0 0 0 0 0 0 1 
0 0 0 1 0 1 1 0 0 
0 0 0 1 0 0 0 1 0 
1 1 0 0 1 0 0 1 0 
0 1 0 0 1 0 0 1 1 

1 0 0 0 1 0 0 1 1 
1 0 0 1 1 0 0 0 0 
1 1 1 0 0 0 0 0 0 
0 0 0 1 0 0 1 0 1 
0 1 0 0 0 0 0 1 0 
1 0 1 0 0 1 0 0 0 
0 0 0 0 0 0 1 1 1 
0 0 0 0 1 1 0 0 1 
1 1 0 0 1 0 0 0 1 

0 0 1 0 1 0 1 1 0 
1 1 0 1 0 0 0 1 0 
0 0 1 0 0 1 0 0 0 
0 0 1 0 1 0 0 0 0 
1 0 1 0 0 0 1 0 1 
0 0 0 0 1 0 1 0 0 
0 0 0 1 0 0 1 0 0 
0 1 0 0 0 1 0 1 1 
0 1 1 0 1 0 1 0 0 

0 0 1 1 0 0 1 1 0 
1 0 0 0 0 0 1 0 1 
0 1 0 0 1 0 0 0 1 
0 1 0 0 0 1 1 0 0 
0 0 0 1 0 1 0 0 0 
0 0 1 1 0 0 0 1 0 
1 0 0 0 1 0 0 1 0 
1 0 1 0 0 0 0 0 1 
0 1 1 0 0 1 1 0 0 

1 1 0 1 0 0 0 0 0 
0 1 0 1 1 1 0 0 1 
0 0 0 0 0 1 0 1 1 
1 0 0 1 0 0 0 0 0 
1 0 0 0 0 0 0 0 1 
0 0 0 0 0 1 0 0 1 
1 1 0 1 0 0 0 0 0 
1 0 0 1 1 1 0 1 0 
0 0 0 0 0 1 0 1 1 

0 0 0 0 0 0 0 0 0 
1 1 0 1 0 1 1 0 1 
0 0 1 0 1 0 1 1 0 
0 0 0 0 1 1 0 0 0 
1 0 1 0 0 0 1 0 1 
0 0 0 1 1 0 0 0 0 
0 1 1 0 1 0 1 0 0 
1 0 1 1 0 1 0 1 1 
0 0 0 0 0 0 0 0 0 

0 0 0 1 0 0 1 0 0 
1 0 1 0 1 0 0 1 0 
1 0 0 1 0 0 1 0 0 
0 0 1 0 1 1 0 0 1 
0 1 0 0 0 0 0 1 0 
1 0 0 1 1 0 1 0 0 
0 0 1 0 0 1 0 0 1 
0 1 0 0 1 0 1 0 1 
0 0 1 0 0 1 0 0 0 

0 1 0 0 1 0 0 0 1 
0 0 1 1 0 1 0 0 1 
0 0 0 1 1 1 0 0 0 
0 1 0 0 0 0 1 0 0 
1 1 0 0 0 0 0 1 1 
0 0 1 0 0 0 0 1 0 
0 0 0 1 1 1 0 0 0 
1 0 0 1 0 1 1 0 0 
1 0 0 0 1 0 0 1 0 

1 0 0 0 0 0 0 0 1 
0 0 0 1 0 0 0 0 1 
1 1 1 0 1 0 1 0 0 
1 0 0 1 0 1 0 1 0 
0 1 0 0 0 0 0 1 0 
0 1 0 1 0 1 0 0 1 
0 0 1 0 1 0 1 1 1 
1 0 0 0 0 1 0 0 0 
1 0 0 0 0 0 0 0 1 

1 0 1 0 1 0 1 1 0 
0 1 1 0 0 0 0 0 0 
0 0 0 1 0 0 0 0 1 
1 0 1 1 0 0 0 0 0 
1 0 0 1 0 1 0 0 1 
0 0 0 0 0 1 1 0 1 
1 0 0 0 0 1 0 0 0 
0 0 0 0 0 0 1 1 0 
0 1 1 0 1 0 1 0 1 

0 1 1 0 0 0 0 1 0 
1 0 0 0 0 1 0 1 0 
1 0 0 1 0 1 1 0 0 
0 1 0 0 1 0 1 0 1 
0 0 0 0 0 0 0 0 0 
1 0 1 0 1 0 0 1 0 
0 0 1 1 0 1 0 0 1 
0 1 0 1 0 0 0 0 1 
0 1 0 0 0 0 1 1 0 

0 0 0 0 0 0 0 1 1 
0 0 1 0 0 1 0 0 0 
1 0 1 1 0 1 0 0 0 
1 1 0 0 1 0 1 0 1 
0 0 0 1 0 1 0 0 0 
1 0 1 0 1 0 0 1 1 
0 0 0 1 0 1 1 0 1 
0 0 0 1 0 0 1 0 0 
1 1 0 0 0 0 0 0 0 

0 1 1 0 0 0 0 1 0 
1 1 0 1 1 0 0 0 0 
0 0 0 0 0 1 1 0 1 
0 0 0 0 0 0 1 1 1 
0 1 0 0 0 0 0 1 0 
1 1 1 0 0 0 0 0 0 
1 0 1 1 0 0 0 0 0 
0 0 0 0 1 1 0 1 1 
0 1 0 0 0 0 1 1 0 

0 0 0 1 0 0 0 1 0 
0 0 0 0 0 0 1 1 0 
1 0 0 1 1 0 1 0 1 
1 0 0 0 1 0 0 1 0 
1 1 0 0 0 0 0 1 1 
0 1 0 0 1 0 0 0 1 
1 0 1 0 1 1 0 0 1 
0 1 1 0 0 0 0 0 0 
0 1 0 0 0 1 0 0 0 

0 0 1 0 0 0 0 1 1 
1 0 1 0 0 1 1 0 0 
0 0 1 0 1 0 0 0 0 
0 0 0 1 1 0 1 0 0 
1 0 0 1 0 1 0 0 1 
0 0 1 0 1 1 0 0 0 
0 0 0 0 1 0 1 0 0 
0 0 1 1 0 0 1 0 1 
1 1 0 0 0 0 1 0 0 

0 1 0 1 0 1 0 1 0 
0 0 1 1 0 1 1 0 0 
1 0 0 0 0 0 0 0 1 
0 0 1 0 1 0 1 0 0 
1 0 0 0 0 0 0 0 1 
0 0 1 0 1 0 1 0 0 
1 0 0 0 0 0 0 0 1 
0 0 1 1 0 1 1 0 0 
0 1 0 1 0 1 0 1 0 

0 0 1 1 1 0 1 0 0 
0 0 1 0 0 0 0 0 1 
1 0 0 1 0 0 1 1 0 
0 1 1 0 1 1 0 0 0 
0 0 0 0 0 0 0 0 0 
0 0 0 1 1 0 1 1 0 
0 1 1 0 0 1 0 0 1 
1 0 0 0 0 0 1 0 0 
0 0 1 0 1 1 1 0 0 

1 0 0 0 1 0 0 0 1 
1 1 0 0 0 0 0 1 1 
0 0 0 1 0 1 0 0 0 
0 1 0 0 1 0 0 1 1 
0 0 1 0 0 0 1 0 0 
1 1 0 0 1 0 0 1 0 
0 0 0 1 0 1 0 0 0 
1 1 0 0 0 0 0 1 1 
1 0 0 0 1 0 0 0 1 

0 0 1 0 0 0 1 0 0 
0 0 0 1 0 1 0 0 0 
1 1 0 0 0 0 0 1 1 
0 0 1 1 0 1 1 0 0 
1 1 0 0 0 0 0 1 1 
0 0 1 1 0 1 1 0 0 
1 1 0 0 0 0 0 1 1 
0 0 0 1 0 1 0 0 0 
0 0 1 0 0 0 1 0 0 

0 0 0 1 1 0 1 1 1 
0 0 0 0 1 0 0 1 1 
0 0 1 0 0 0 1 0 0 
1 0 0 1 0 0 0 1 0 
0 0 1 0 0 0 1 0 0 
0 1 0 0 0 1 0 0 1 
0 0 1 0 0 0 1 0 0 
1 1 0 0 1 0 0 0 0 
1 1 1 0 1 1 0 0 0 

0 0 0 0 0 0 1 1 1 
1 0 1 0 0 1 0 1 0 
0 1 0 0 1 0 1 0 0 
1 0 0 0 1 0 0 1 0 
0 1 0 0 0 0 0 1 0 
0 1 0 0 1 0 0 0 1 
0 0 1 0 1 0 0 1 0 
0 1 0 1 0 0 1 0 1 
1 1 1 0 0 0 0 0 0 

1 1 0 1 0 1 0 1 0 
1 0 1 0 1 0 0 1 0 
0 0 0 0 1 0 0 1 0 
0 0 0 1 0 1 1 0 0 
0 0 0 0 0 0 0 0 0 
0 0 1 1 0 1 0 0 0 
0 1 0 0 1 0 0 0 0 
0 1 0 0 1 0 1 0 1 
0 1 0 1 0 1 0 1 1 

0 0 1 0 0 0 1 1 0 
1 1 0 0 0 0 0 1 0 
0 0 0 1 0 1 1 0 0 
0 0 1 0 0 1 1 0 1 
0 0 0 1 0 1 0 0 0 
1 0 1 1 0 0 1 0 0 
0 0 1 1 0 1 0 0 0 
0 1 0 0 0 0 0 1 1 
0 1 1 0 0 0 1 0 0 

0 1 0 1 0 1 0 0 1 
0 0 0 0 1 0 1 0 1 
0 0 0 0 1 0 1 1 0 
0 1 0 0 0 0 0 1 1 
0 0 0 1 0 1 0 0 0 
1 1 0 0 0 0 0 1 0 
0 1 1 0 1 0 0 0 0 
1 0 1 0 1 0 0 0 0 
1 0 0 1 0 1 0 1 0 

0 1 0 1 0 0 1 0 0 
1 0 0 1 0 0 0 0 1 
0 0 1 0 1 1 0 0 1 
0 0 1 0 1 1 0 0 1 
0 0 0 0 0 0 0 0 0 
1 0 0 1 1 0 1 0 0 
1 0 0 1 1 0 1 0 0 
1 0 0 0 0 1 0 0 1 
0 0 1 0 0 1 0 1 0 

0 1 1 1 0 0 1 0 0 
0 1 0 0 1 0 1 0 0 
0 1 0 1 0 1 0 0 0 
0 0 0 1 0 0 0 1 0 
1 0 0 1 0 1 0 0 1 
0 1 0 0 0 1 0 0 0 
0 0 0 1 0 1 0 1 0 
0 0 1 0 1 0 0 1 0 
0 0 1 0 0 1 1 1 0 

0 0 0 1 0 1 1 0 1 
0 0 1 1 0 0 0 1 0 
1 1 1 0 0 0 0 0 1 
0 0 0 0 1 0 0 0 0 
1 1 0 0 0 0 0 1 1 
0 0 0 0 1 0 0 0 0 
1 0 0 0 0 0 1 1 1 
0 1 0 0 0 1 1 0 0 
1 0 1 1 0 1 0 0 0 

1 0 0 0 0 0 0 0 1 
0 1 0 1 1 1 0 1 0 
0 1 0 0 0 0 0 1 0 
0 0 1 1 0 1 1 0 0 
0 1 0 0 0 0 0 1 0 
0 0 1 1 0 1 1 0 0 
0 1 0 0 0 0 0 1 0 
0 1 0 1 1 1 0 1 0 
1 0 0 0 0 0 0 0 1 

0 0 0 0 0 1 0 1 0 
1 1 0 0 0 1 1 0 0 
0 1 0 1 0 0 1 0 0 
0 1 0 0 1 1 0 1 0 
1 0 0 0 0 0 0 0 1 
0 1 0 1 1 0 0 1 0 
0 0 1 0 0 1 0 1 0 
0 0 1 1 0 0 0 1 1 
0 1 0 1 0 0 0 0 0 

1 1 0 1 1 1 0 0 0 
0 0 0 0 0 0 0 0 1 
0 1 1 1 0 0 1 0 0 
1 0 0 0 1 0 0 0 1 
0 0 1 0 0 0 1 0 0 
1 0 0 0 1 0 0 0 1 
0 0 1 0 0 1 1 1 0 
1 0 0 0 0 0 0 0 0 
0 0 0 1 1 1 0 1 1 

1 0 0 1 0 1 0 0 1 
0 0 1 0 0 1 0 0 0 
0 0 0 0 1 0 0 1 0 
1 1 0 0 1 0 0 0 1 
0 0 1 1 0 1 1 0 0 
1 0 0 0 1 0 0 1 1 
0 1 0 0 1 0 0 0 0 
0 0 0 1 0 0 1 0 0 
1 0 0 1 0 1 0 0 1 

0 0 0 0 0 0 1 1 0 
1 0 1 1 1 0 0 0 0 
0 0 0 1 1 0 0 0 1 
0 1 1 0 0 0 0 1 1 
1 0 0 0 0 0 0 0 1 
1 1 0 0 0 0 1 1 0 
1 0 0 0 1 1 0 0 0 
0 0 0 0 1 1 1 0 1 
0 1 1 0 0 0 0 0 0 

0 0 0 1 1 1 0 0 0 
1 0 0 1 0 1 0 0 1 
0 0 1 0 0 0 1 0 0 
1 0 1 0 0 0 1 0 1 
0 1 0 0 0 0 0 1 0 
1 0 1 0 0 0 1 0 1 
0 0 1 0 0 0 1 0 0 
1 0 0 1 0 1 0 0 1 
0 0 0 1 1 1 0 0 0 

1 1 0 0 0 0 0 1 1 
0 1 0 0 1 0 0 1 0 
0 0 1 1 0 1 1 0 0 
0 0 0 1 0 1 0 0 0 
1 0 0 0 0 0 0 0 1 
0 0 0 1 0 1 0 0 0 
0 0 1 1 0 1 1 0 0 
0 1 0 0 1 0 0 1 0 
1 1 0 0 0 0 0 1 1 

1 0 1 0 1 0 0 0 0 
0 0 0 1 0 0 0 1 0 
0 1 0 0 1 0 1 0 0 
1 0 1 1 0 1 1 0 0 
0 1 0 0 0 0 0 1 0 
0 0 1 1 0 1 1 0 1 
0 0 1 0 1 0 0 1 0 
0 1 0 0 0 1 0 0 0 
0 0 0 0 1 0 1 0 1 

0 0 0 0 0 1 1 0 1 
1 1 0 1 1 0 0 0 1 
0 1 0 0 0 0 0 0 0 
1 0 1 0 0 1 1 0 0 
1 0 0 0 0 0 0 0 1 
0 0 1 1 0 0 1 0 1 
0 0 0 0 0 0 0 1 0 
1 0 0 0 1 1 0 1 1 
1 0 1 1 0 0 0 0 0 

0 0 0 0 1 0 1 1 0 
1 0 1 1 0 0 0 0 0 
1 0 0 0 0 1 0 1 0 
0 0 1 0 1 0 0 1 0 
1 0 0 1 0 1 0 0 1 
0 1 0 0 1 0 1 0 0 
0 1 0 1 0 0 0 0 1 
0 0 0 0 0 1 1 0 1 
0 1 1 0 1 0 0 0 0 

1 0 0 0 0 1 0 0 0 
1 0 0 0 1 0 1 1 0 
1 0 1 0 0 1 0 0 0 
1 1 1 0 0 0 1 0 0 
1 0 0 0 0 0 0 0 1 
0 0 1 0 0 0 1 1 1 
0 0 0 1 0 0 1 0 1 
0 1 1 0 1 0 0 0 1 
0 0 0 1 0 0 0 0 1 

1 0 0 0 1 0 0 1 0 
0 0 0 1 0 0 1 0 0 
1 0 1 0 0 1 1 0 0 
0 0 1 0 0 0 0 0 1 
1 0 1 1 0 1 1 0 1 
1 0 0 0 0 0 1 0 0 
0 0 1 1 0 0 1 0 1 
0 0 1 0 0 1 0 0 0 
0 1 0 0 1 0 0 0 1 

1 0 0 1 1 1 0 0 1 
0 1 0 0 0 1 1 0 0 
0 0 0 0 1 0 0 0 0 
1 0 1 0 0 0 0 1 0 
0 1 1 0 0 0 1 1 0 
0 1 0 0 0 0 1 0 1 
0 0 0 0 1 0 0 0 0 
0 0 1 1 0 0 0 1 0 
1 0 0 1 1 1 0 0 1 

1 0 0 0 1 0 0 0 1 
0 1 0 0 0 1 1 1 0 
0 1 0 1 1 0 0 0 0 
0 1 0 0 0 0 1 0 0 
1 0 1 0 0 0 1 0 1 
0 0 1 0 0 0 0 1 0 
0 0 0 0 1 1 0 1 0 
0 1 1 1 0 0 0 1 0 
1 0 0 0 1 0 0 0 1 

0 1 1 0 1 1 1 0 0 
0 1 0 0 0 1 0 0 1 
0 0 0 1 1 0 0 0 0 
0 0 1 0 0 0 1 1 0 
0 0 0 1 0 1 0 0 0 
0 1 1 0 0 0 1 0 0 
0 0 0 0 1 1 0 0 0 
1 0 0 1 0 0 0 1 0 
0 0 1 1 1 0 1 1 0 

1 1 0 0 0 0 1 0 1 
1 0 0 1 0 0 1 0 0 
0 0 1 1 0 0 0 0 0 
0 0 0 0 1 0 0 0 1 
1 0 1 1 0 1 1 0 1 
1 0 0 0 1 0 0 0 0 
0 0 0 0 0 1 1 0 0 
0 0 1 0 0 1 0 0 1 
1 0 1 0 0 0 0 1 1 

0 1 0 0 0 0 0 1 0 
1 0 1 0 1 0 1 0 1 
0 0 1 1 0 1 1 0 0 
0 1 0 0 0 0 0 1 0 
0 0 0 1 0 1 0 0 0 
0 1 0 0 0 0 0 1 0 
0 0 1 1 0 1 1 0 0 
1 0 1 0 1 0 1 0 1 
0 1 0 0 0 0 0 1 0 

                                  29                                  

0 0 1 1 0 1 0 0 0 
0 1 0 0 0 0 1 1 0 
1 1 0 0 0 1 1 0 0 
1 0 1 1 0 0 0 1 0 
0 0 0 0 1 0 0 0 0 
0 1 0 0 0 1 1 0 1 
0 0 1 1 0 0 0 1 1 
0 1 1 0 0 0 0 1 0 
0 0 0 1 0 1 1 0 0 

0 1 0 1 0 1 1 1 0 
0 0 0 0 0 1 0 0 1 
1 0 0 0 0 0 1 0 1 
0 1 0 1 0 0 1 1 0 
0 0 0 0 1 0 0 0 0 
0 1 1 0 0 1 0 1 0 
1 0 1 0 0 0 0 0 1 
1 0 0 1 0 0 0 0 0 
0 1 1 1 0 1 0 1 0 

1 0 0 1 1 0 0 1 0 
0 1 1 0 0 1 0 0 0 
0 1 0 0 1 0 0 0 0 
0 0 1 0 1 1 1 1 0 
0 0 0 0 1 0 0 0 0 
0 1 1 1 1 0 1 0 0 
0 0 0 0 1 0 0 1 0 
0 0 0 1 0 0 1 1 0 
0 1 0 0 1 1 0 0 1 

0 0 1 0 0 0 0 1 0 
1 1 0 0 0 0 0 1 1 
0 0 1 1 0 0 1 1 0 
1 0 0 0 1 1 0 1 0 
0 0 0 0 1 0 0 0 0 
0 1 0 1 1 0 0 0 1 
0 1 1 0 0 1 1 0 0 
1 1 0 0 0 0 0 1 1 
0 1 0 0 0 0 1 0 0 

0 1 0 0 1 0 1 0 1 
1 0 0 0 1 1 0 0 0 
0 0 0 1 0 0 0 0 1 
0 0 0 1 1 1 1 1 0 
0 0 0 0 1 0 0 0 0 
0 1 1 1 1 1 0 0 0 
1 0 0 0 0 1 0 0 0 
0 0 0 1 1 0 0 0 1 
1 0 1 0 1 0 0 1 0 

0 1 0 1 0 0 1 1 0 
1 0 0 0 1 0 1 0 1 
1 0 0 0 1 0 0 0 0 
0 1 1 0 0 1 0 1 0 
0 0 0 0 1 0 0 0 0 
0 1 0 1 0 0 1 1 0 
0 0 0 0 1 0 0 0 1 
1 0 1 0 1 0 0 0 1 
0 1 1 0 0 1 0 1 0 

1 1 0 0 0 0 0 1 1 
0 0 1 1 0 0 1 0 0 
1 0 0 1 0 1 0 0 0 
1 0 0 0 1 0 1 1 0 
0 0 0 0 1 0 0 0 0 
0 1 1 0 1 0 0 0 1 
0 0 0 1 0 1 0 0 1 
0 0 1 0 0 1 1 0 0 
1 1 0 0 0 0 0 1 1 

1 0 1 0 1 1 0 0 1 
0 1 0 1 0 0 0 0 1 
0 1 0 1 0 0 0 1 0 
1 0 0 0 0 0 0 1 0 
0 0 1 1 0 1 1 0 0 
0 1 0 0 0 0 0 0 1 
0 1 0 0 0 1 0 1 0 
1 0 0 0 0 1 0 1 0 
1 0 0 1 1 0 1 0 0 

0 1 0 1 1 0 0 0 0 
0 1 0 1 0 0 0 1 1 
0 0 1 1 0 0 1 0 0 
0 0 0 0 0 0 1 1 1 
1 0 0 0 1 0 0 0 1 
1 1 1 0 0 0 0 0 0 
0 0 1 0 0 1 1 0 0 
1 1 0 0 0 1 0 1 0 
0 0 0 0 1 1 0 1 0 

0 1 0 1 0 0 0 0 0 
0 0 1 0 1 0 0 0 1 
0 0 1 0 1 1 1 1 0 
0 0 1 0 0 0 0 0 1 
0 1 1 0 1 0 1 1 0 
1 0 0 0 0 0 1 0 0 
0 1 1 1 1 0 1 0 0 
1 0 0 0 1 0 1 0 0 
0 0 0 0 0 1 0 1 0 

0 0 1 0 0 0 0 0 0 
0 1 0 0 1 0 1 1 0 
0 1 1 0 0 1 1 0 1 
0 0 1 0 1 0 0 0 0 
0 1 0 1 1 1 0 1 0 
0 0 0 0 1 0 1 0 0 
1 0 1 1 0 0 1 1 0 
0 1 1 0 1 0 0 1 0 
0 0 0 0 0 0 1 0 0 

1 1 0 0 1 0 1 0 1 
0 0 1 0 0 0 0 0 1 
1 0 0 0 0 1 0 1 0 
0 0 1 1 0 1 0 0 0 
1 0 0 0 1 0 0 0 1 
0 0 0 1 0 1 1 0 0 
0 1 0 1 0 0 0 0 1 
1 0 0 0 0 0 1 0 0 
1 0 1 0 1 0 0 1 1 

0 0 0 1 1 1 0 0 0 
0 1 0 0 1 0 0 1 0 
0 1 1 0 0 0 1 1 0 
0 0 1 0 0 0 1 0 0 
1 0 1 0 1 0 1 0 1 
0 0 1 0 0 0 1 0 0 
0 1 1 0 0 0 1 1 0 
0 1 0 0 1 0 0 1 0 
0 0 0 1 1 1 0 0 0 

0 1 1 0 0 0 1 0 0 
0 0 0 1 1 0 0 0 1 
1 0 0 0 0 1 0 0 1 
0 0 1 1 0 1 0 1 0 
0 1 0 0 1 0 0 1 0 
0 1 0 1 0 1 1 0 0 
1 0 0 1 0 0 0 0 1 
1 0 0 0 1 1 0 0 0 
0 0 1 0 0 0 1 1 0 

0 0 1 0 1 0 0 1 0 
0 0 0 0 0 0 1 0 0 
1 1 1 1 1 0 0 0 1 
1 0 1 1 0 0 1 0 0 
0 0 0 0 1 0 0 0 0 
0 0 1 0 0 1 1 0 1 
1 0 0 0 1 1 1 1 1 
0 0 1 0 0 0 0 0 0 
0 1 0 0 1 0 1 0 0 

0 1 0 0 1 0 1 0 0 
0 0 0 0 1 0 0 1 1 
0 0 0 0 1 1 1 0 1 
1 1 0 0 0 1 0 1 0 
0 0 0 0 1 0 0 0 0 
0 1 0 1 0 0 0 1 1 
1 0 1 1 1 0 0 0 0 
1 1 0 0 1 0 0 0 0 
0 0 1 0 1 0 0 1 0 

                                  30                                  

1 0 1 0 0 0 1 0 1 
0 1 0 1 0 1 0 1 0 
1 0 0 0 0 0 0 0 1 
0 0 1 1 0 1 1 0 0 
0 1 0 0 0 0 0 1 0 
0 0 1 1 0 1 1 0 0 
1 0 0 0 0 0 0 0 1 
0 1 0 1 0 1 0 1 0 
1 0 1 0 0 0 1 0 1 

0 1 0 1 0 1 0 1 0 
0 1 1 0 0 0 1 1 0 
1 0 0 0 0 0 0 0 1 
0 0 1 1 1 1 1 0 0 
0 0 0 0 0 0 0 0 0 
0 0 1 1 1 1 1 0 0 
1 0 0 0 0 0 0 0 1 
0 1 1 0 0 0 1 1 0 
0 1 0 1 0 1 0 1 0 

0 1 0 1 0 1 0 1 0 
0 0 1 1 0 1 1 0 0 
0 1 1 0 0 0 1 1 0 
0 0 0 1 0 1 0 0 0 
1 0 0 0 0 0 0 0 1 
0 0 0 1 0 1 0 0 0 
0 1 1 0 0 0 1 1 0 
0 0 1 1 0 1 1 0 0 
0 1 0 1 0 1 0 1 0 

0 0 1 0 0 0 1 0 0 
0 1 0 1 0 1 0 1 0 
1 1 0 0 0 0 0 1 1 
0 0 1 1 0 1 1 0 0 
1 0 0 0 0 0 0 0 1 
0 0 1 1 0 1 1 0 0 
1 1 0 0 0 0 0 1 1 
0 1 0 1 0 1 0 1 0 
0 0 1 0 0 0 1 0 0 

1 0 0 0 0 0 0 0 1 
0 1 1 0 1 0 1 1 0 
1 0 1 0 0 0 1 0 1 
0 0 1 1 0 1 1 0 0 
0 0 0 0 0 0 0 0 0 
0 0 1 1 0 1 1 0 0 
1 0 1 0 0 0 1 0 1 
0 1 1 0 1 0 1 1 0 
1 0 0 0 0 0 0 0 1 

1 1 0 0 0 0 0 1 1 
0 0 0 1 0 1 0 0 0 
1 0 1 0 0 0 1 0 1 
0 0 1 1 0 1 1 0 0 
0 1 0 0 0 0 0 1 0 
0 0 1 1 0 1 1 0 0 
1 0 1 0 0 0 1 0 1 
0 0 0 1 0 1 0 0 0 
1 1 0 0 0 0 0 1 1 

1 1 0 0 0 0 0 1 1 
0 0 1 1 0 1 1 0 0 
1 0 0 0 0 0 0 0 1 
0 0 1 1 0 1 1 0 0 
1 0 0 0 0 0 0 0 1 
0 0 1 1 0 1 1 0 0 
1 0 0 0 0 0 0 0 1 
0 0 1 1 0 1 1 0 0 
1 1 0 0 0 0 0 1 1 

0 1 0 1 0 1 0 1 0 
0 0 0 1 0 1 0 0 0 
1 0 1 0 0 0 1 0 1 
0 0 1 1 0 1 1 0 0 
1 0 0 0 0 0 0 0 1 
0 0 1 1 0 1 1 0 0 
1 0 1 0 0 0 1 0 1 
0 0 0 1 0 1 0 0 0 
0 1 0 1 0 1 0 1 0 

0 1 0 0 1 0 0 1 0 
0 0 0 1 0 1 0 1 0 
0 0 0 0 1 0 0 1 1 
1 0 0 0 0 1 1 1 0 
0 1 0 1 0 1 0 1 0 
0 1 1 1 0 0 0 0 1 
1 1 0 0 1 0 0 0 0 
0 1 0 1 0 1 0 0 0 
0 1 0 0 1 0 0 1 0 

0 0 1 1 0 1 1 0 0 
0 1 0 1 0 1 0 1 0 
1 0 0 0 0 0 0 0 1 
0 0 1 1 1 1 1 0 0 
0 0 0 0 0 0 0 0 0 
0 0 1 1 1 1 1 0 0 
1 0 0 0 0 0 0 0 1 
0 1 0 1 0 1 0 1 0 
0 0 1 1 0 1 1 0 0 

0 0 0 1 0 1 0 0 0 
0 1 1 1 0 1 1 1 0 
0 1 1 0 0 0 1 1 0 
0 0 0 1 0 1 0 0 0 
1 0 0 0 0 0 0 0 1 
0 0 0 1 0 1 0 0 0 
0 1 1 0 0 0 1 1 0 
0 1 1 1 0 1 1 1 0 
0 0 0 1 0 1 0 0 0 

1 0 0 0 1 0 1 1 1 
0 0 0 0 0 1 0 0 1 
0 0 1 0 1 1 1 0 0 
1 0 0 0 1 1 1 0 0 
0 0 0 0 0 0 0 0 0 
0 0 1 1 1 0 0 0 1 
0 0 1 1 1 0 1 0 0 
1 0 0 1 0 0 0 0 0 
1 1 1 0 1 0 0 0 1 

0 0 0 1 0 0 0 0 0 
1 0 0 0 1 1 0 1 0 
0 1 1 0 1 0 1 1 1 
0 1 0 0 0 0 1 1 0 
0 0 0 1 0 1 0 0 0 
0 1 1 0 0 0 0 1 0 
1 1 1 0 1 0 1 1 0 
0 1 0 1 1 0 0 0 1 
0 0 0 0 0 1 0 0 0 

1 0 0 0 1 0 0 0 1 
1 0 1 0 1 0 1 0 1 
0 0 1 1 0 1 1 0 0 
1 0 0 0 0 0 0 0 1 
0 0 0 1 0 1 0 0 0 
1 0 0 0 0 0 0 0 1 
0 0 1 1 0 1 1 0 0 
1 0 1 0 1 0 1 0 1 
1 0 0 0 1 0 0 0 1 

0 0 1 1 0 1 1 0 0 
1 0 1 0 0 0 1 1 0 
0 0 0 0 1 1 0 0 0 
0 0 0 0 1 1 1 0 1 
1 0 0 0 0 0 0 0 1 
1 0 1 1 1 0 0 0 0 
0 0 0 1 1 0 0 0 0 
0 1 1 0 0 0 1 0 1 
0 0 1 1 0 1 1 0 0 

0 0 0 0 0 0 0 0 0 
0 1 0 1 0 1 0 1 0 
1 1 1 0 0 0 1 1 1 
0 0 1 1 1 1 1 0 0 
0 0 0 0 0 0 0 0 0 
0 0 1 1 1 1 1 0 0 
1 1 1 0 0 0 1 1 1 
0 1 0 1 0 1 0 1 0 
0 0 0 0 0 0 0 0 0 

1 0 0 1 0 1 0 0 1 
0 1 0 1 0 1 0 1 0 
0 0 1 0 0 0 1 0 0 
0 0 1 1 0 1 1 0 0 
1 0 0 0 0 0 0 0 1 
0 0 1 1 0 1 1 0 0 
0 0 1 0 0 0 1 0 0 
0 1 0 1 0 1 0 1 0 
1 0 0 1 0 1 0 0 1 

0 0 0 0 1 0 1 1 1 
1 1 0 1 1 0 0 1 0 
0 0 0 0 0 0 1 0 0 
0 0 0 1 0 0 0 0 1 
1 1 0 1 0 1 0 1 1 
1 0 0 0 0 1 0 0 0 
0 0 1 0 0 0 0 0 0 
0 1 0 0 1 1 0 1 1 
1 1 1 0 1 0 0 0 0 

1 0 0 1 0 1 0 0 1 
0 0 0 0 0 0 0 0 0 
1 1 1 0 0 0 1 1 1 
0 0 1 1 0 1 1 0 0 
1 0 0 0 0 0 0 0 1 
0 0 1 1 0 1 1 0 0 
1 1 1 0 0 0 1 1 1 
0 0 0 0 0 0 0 0 0 
1 0 0 1 0 1 0 0 1 

0 1 1 0 1 1 0 0 0 
0 1 0 0 1 0 0 1 1 
0 1 0 0 0 1 0 1 0 
1 0 0 0 1 0 0 0 0 
1 0 1 0 0 0 1 0 1 
0 0 0 0 1 0 0 0 1 
0 1 0 1 0 0 0 1 0 
1 1 0 0 1 0 0 1 0 
0 0 0 1 1 0 1 1 0 

0 0 0 1 0 1 0 0 0 
0 1 0 0 0 0 0 1 0 
1 1 1 0 0 0 1 1 1 
0 0 1 1 0 1 1 0 0 
1 0 0 0 0 0 0 0 1 
0 0 1 1 0 1 1 0 0 
1 1 1 0 0 0 1 1 1 
0 1 0 0 0 0 0 1 0 
0 0 0 1 0 1 0 0 0 

1 0 1 1 0 1 1 0 1 
0 0 1 1 0 1 1 0 0 
0 1 0 0 0 0 0 1 0 
0 0 0 1 0 1 0 0 0 
1 0 0 0 0 0 0 0 1 
0 0 0 1 0 1 0 0 0 
0 1 0 0 0 0 0 1 0 
0 0 1 1 0 1 1 0 0 
1 0 1 1 0 1 1 0 1 

1 0 1 1 0 1 1 0 1 
0 0 1 0 0 0 1 0 0 
0 1 0 0 0 0 0 1 0 
0 0 1 1 0 1 1 0 0 
1 0 0 0 0 0 0 0 1 
0 0 1 1 0 1 1 0 0 
0 1 0 0 0 0 0 1 0 
0 0 1 0 0 0 1 0 0 
1 0 1 1 0 1 1 0 1 

0 0 1 0 0 0 1 0 0 
0 0 1 1 0 1 1 0 0 
1 0 0 0 1 0 0 0 1 
0 1 1 1 0 1 1 1 0 
0 0 0 0 0 0 0 0 0 
0 1 1 1 0 1 1 1 0 
1 0 0 0 1 0 0 0 1 
0 0 1 1 0 1 1 0 0 
0 0 1 0 0 0 1 0 0 

1 1 0 1 0 1 0 1 1 
0 1 0 1 0 1 0 1 0 
1 0 0 0 0 0 0 0 1 
0 0 0 1 0 1 0 0 0 
0 1 0 0 0 0 0 1 0 
0 0 0 1 0 1 0 0 0 
1 0 0 0 0 0 0 0 1 
0 1 0 1 0 1 0 1 0 
1 1 0 1 0 1 0 1 1 

1 0 1 1 0 1 1 0 1 
0 0 1 0 0 0 1 0 0 
1 1 0 0 0 0 0 1 1 
0 0 0 1 0 1 0 0 0 
0 1 0 0 0 0 0 1 0 
0 0 0 1 0 1 0 0 0 
1 1 0 0 0 0 0 1 1 
0 0 1 0 0 0 1 0 0 
1 0 1 1 0 1 1 0 1 

0 1 0 1 0 1 0 1 0 
1 0 0 1 0 1 0 0 1 
0 1 0 0 1 0 0 1 0 
0 0 1 0 0 0 1 0 0 
1 1 0 0 0 0 0 1 1 
0 0 1 0 0 0 1 0 0 
0 1 0 0 1 0 0 1 0 
1 0 0 1 0 1 0 0 1 
0 1 0 1 0 1 0 1 0 

0 1 0 0 0 0 0 1 0 
0 1 1 0 1 0 1 1 0 
1 0 0 1 0 1 0 0 1 
0 0 1 1 0 1 1 0 0 
0 0 0 0 0 0 0 0 0 
0 0 1 1 0 1 1 0 0 
1 0 0 1 0 1 0 0 1 
0 1 1 0 1 0 1 1 0 
0 1 0 0 0 0 0 1 0 

0 0 0 1 1 0 0 0 1 
1 0 1 0 1 0 1 0 0 
0 0 0 0 0 1 0 0 1 
0 1 1 1 1 0 1 0 0 
0 0 1 0 0 0 1 0 0 
0 0 1 0 1 1 1 1 0 
1 0 0 1 0 0 0 0 0 
0 0 1 0 1 0 1 0 1 
1 0 0 0 1 1 0 0 0 

0 0 0 0 0 1 0 0 0 
0 1 0 0 1 0 0 0 0 
0 0 0 0 1 1 1 1 1 
0 1 1 0 1 0 0 1 1 
0 0 1 1 0 1 1 0 0 
1 1 0 0 1 0 1 1 0 
1 1 1 1 1 0 0 0 0 
0 0 0 0 1 0 0 1 0 
0 0 0 1 0 0 0 0 0 

1 0 1 0 0 0 1 0 1 
1 0 1 0 1 0 1 0 1 
0 0 0 1 0 1 0 0 0 
0 0 1 1 0 1 1 0 0 
0 0 0 0 0 0 0 0 0 
0 0 1 1 0 1 1 0 0 
0 0 0 1 0 1 0 0 0 
1 0 1 0 1 0 1 0 1 
1 0 1 0 0 0 1 0 1 

0 1 1 1 0 1 0 0 1 
0 1 1 0 0 0 0 0 1 
1 0 0 1 0 0 0 0 0 
1 1 0 0 0 1 0 0 0 
0 1 1 0 0 0 1 1 0 
0 0 0 1 0 0 0 1 1 
0 0 0 0 0 1 0 0 1 
1 0 0 0 0 0 1 1 0 
1 0 0 1 0 1 1 1 0 

0 1 0 1 0 1 0 1 0 
0 0 1 0 0 0 1 0 0 
0 1 0 1 0 1 0 1 0 
0 1 1 0 0 0 1 1 0 
1 0 0 0 0 0 0 0 1 
0 1 1 0 0 0 1 1 0 
0 1 0 1 0 1 0 1 0 
0 0 1 0 0 0 1 0 0 
0 1 0 1 0 1 0 1 0 

0 1 1 1 0 1 0 0 1 
0 0 1 1 1 1 0 0 0 
0 1 0 1 0 0 0 0 0 
0 0 1 0 0 0 1 1 1 
0 0 0 0 0 0 0 0 0 
1 1 1 0 0 0 1 0 0 
0 0 0 0 0 1 0 1 0 
0 0 0 1 1 1 1 0 0 
1 0 0 1 0 1 1 1 0 

1 0 0 0 0 1 1 1 0 
0 1 0 0 1 0 1 1 0 
1 0 0 1 0 0 0 0 1 
0 0 0 0 1 0 0 1 1 
0 0 1 0 0 0 1 0 0 
1 1 0 0 1 0 0 0 0 
1 0 0 0 0 1 0 0 1 
0 1 1 0 1 0 0 1 0 
0 1 1 1 0 0 0 0 1 

1 0 0 1 0 1 0 0 0 
1 1 0 0 0 0 0 1 1 
0 1 0 0 1 0 1 0 0 
0 1 0 1 1 0 0 0 1 
0 0 1 0 0 0 1 0 0 
1 0 0 0 1 1 0 1 0 
0 0 1 0 1 0 0 1 0 
1 1 0 0 0 0 0 1 1 
0 0 0 1 0 1 0 0 1 

                                  31                                  

0 1 0 0 0 0 0 1 0 
0 1 1 1 0 1 1 1 0 
1 0 1 0 0 0 1 0 1 
0 0 0 1 1 1 0 0 0 
0 0 0 0 1 0 0 0 0 
0 0 0 1 1 1 0 0 0 
1 0 1 0 0 0 1 0 1 
0 1 1 1 0 1 1 1 0 
0 1 0 0 0 0 0 1 0 

1 0 1 0 0 0 1 0 1 
0 1 1 1 0 1 1 1 0 
1 0 0 0 0 0 0 0 1 
0 0 0 1 0 1 0 0 0 
0 1 0 0 1 0 0 1 0 
0 0 0 1 0 1 0 0 0 
1 0 0 0 0 0 0 0 1 
0 1 1 1 0 1 1 1 0 
1 0 1 0 0 0 1 0 1 

0 1 1 1 0 1 1 1 0 
0 0 0 0 0 0 0 0 0 
1 1 0 0 0 0 0 1 1 
0 0 1 1 0 1 1 0 0 
0 1 0 0 1 0 0 1 0 
0 0 1 1 0 1 1 0 0 
1 1 0 0 0 0 0 1 1 
0 0 0 0 0 0 0 0 0 
0 1 1 1 0 1 1 1 0 

0 1 0 1 1 1 0 1 0 
1 0 0 0 0 0 0 0 1 
0 0 1 0 0 0 1 0 0 
1 1 0 1 0 1 0 1 1 
0 0 0 0 1 0 0 0 0 
1 1 0 1 0 1 0 1 1 
0 0 1 0 0 0 1 0 0 
1 0 0 0 0 0 0 0 1 
0 1 0 1 1 1 0 1 0 

0 1 0 1 0 1 0 1 0 
1 0 0 0 0 0 0 0 1 
0 0 1 0 1 0 1 0 0 
0 1 1 0 1 0 1 1 0 
0 1 0 0 1 0 0 1 0 
0 1 1 0 1 0 1 1 0 
0 0 1 0 1 0 1 0 0 
1 0 0 0 0 0 0 0 1 
0 1 0 1 0 1 0 1 0 

0 0 1 0 0 0 1 0 0 
0 1 1 1 0 1 1 1 0 
1 1 0 0 0 0 0 1 1 
0 0 0 1 1 1 0 0 0 
0 0 0 0 1 0 0 0 0 
0 0 0 1 1 1 0 0 0 
1 1 0 0 0 0 0 1 1 
0 1 1 1 0 1 1 1 0 
0 0 1 0 0 0 1 0 0 

                                  32                                  

1 0 1 0 0 0 1 0 1 
0 1 0 1 0 1 0 1 0 
1 0 0 1 0 1 0 0 1 
0 0 1 1 0 1 1 0 0 
0 0 0 0 0 0 0 0 0 
0 0 1 1 0 1 1 0 0 
1 0 0 1 0 1 0 0 1 
0 1 0 1 0 1 0 1 0 
1 0 1 0 0 0 1 0 1 

0 1 0 0 0 0 0 1 0 
0 0 1 0 0 0 1 0 0 
1 1 0 1 1 1 0 1 1 
0 1 0 1 0 1 0 1 0 
1 0 0 0 0 0 0 0 1 
0 1 0 1 0 1 0 1 0 
1 1 0 1 1 1 0 1 1 
0 0 1 0 0 0 1 0 0 
0 1 0 0 0 0 0 1 0 

0 1 0 1 0 1 0 1 0 
1 0 0 0 0 0 0 0 1 
0 0 1 1 0 1 1 0 0 
0 1 0 1 1 1 0 1 0 
0 1 0 0 0 0 0 1 0 
0 1 0 1 1 1 0 1 0 
0 0 1 1 0 1 1 0 0 
1 0 0 0 0 0 0 0 1 
0 1 0 1 0 1 0 1 0 

0 1 1 0 0 0 1 1 0 
0 0 0 1 0 1 0 0 0 
1 1 0 0 1 0 0 1 1 
0 0 1 1 0 1 1 0 0 
1 0 0 0 0 0 0 0 1 
0 0 1 1 0 1 1 0 0 
1 1 0 0 1 0 0 1 1 
0 0 0 1 0 1 0 0 0 
0 1 1 0 0 0 1 1 0 

0 0 0 0 0 0 0 0 0 
0 1 0 1 0 1 0 1 0 
0 1 1 1 0 1 1 1 0 
1 0 0 1 0 1 0 0 1 
0 0 1 1 0 1 1 0 0 
1 0 0 1 0 1 0 0 1 
0 1 1 1 0 1 1 1 0 
0 1 0 1 0 1 0 1 0 
0 0 0 0 0 0 0 0 0 

1 0 0 0 1 0 0 0 1 
0 1 0 0 1 0 0 1 0 
1 0 0 1 0 1 0 0 1 
1 0 1 0 0 0 1 0 1 
0 0 1 1 0 1 1 0 0 
1 0 1 0 0 0 1 0 1 
1 0 0 1 0 1 0 0 1 
0 1 0 0 1 0 0 1 0 
1 0 0 0 1 0 0 0 1 

1 0 0 0 0 0 0 0 1 
0 1 1 0 0 0 1 1 0 
0 0 0 1 1 1 0 0 0 
0 0 1 1 1 1 1 0 0 
1 1 0 0 0 0 0 1 1 
0 0 1 1 1 1 1 0 0 
0 0 0 1 1 1 0 0 0 
0 1 1 0 0 0 1 1 0 
1 0 0 0 0 0 0 0 1 

1 0 0 0 0 0 0 0 1 
1 0 0 1 0 1 0 0 1 
0 0 1 1 1 1 1 0 0 
0 1 0 1 0 1 0 1 0 
0 1 0 0 0 0 0 1 0 
0 1 0 1 0 1 0 1 0 
0 0 1 1 1 1 1 0 0 
1 0 0 1 0 1 0 0 1 
1 0 0 0 0 0 0 0 1 

                                  35                                  

1 0 1 0 0 0 1 0 0 
0 1 1 0 1 1 1 0 0 
0 1 0 1 0 1 0 1 0 
1 1 0 1 0 0 0 1 0 
0 0 0 1 1 1 0 0 0 
0 1 0 0 0 1 0 1 1 
0 1 0 1 0 1 0 1 0 
0 0 1 1 1 0 1 1 0 
0 0 1 0 0 0 1 0 1 

                                  36                                  

0 1 0 0 0 1 0 1 0 
1 0 1 1 0 1 0 0 1 
1 0 1 0 0 1 1 0 1 
1 0 0 0 1 1 0 0 0 
0 1 1 0 0 0 1 1 0 
0 0 0 1 1 0 0 0 1 
1 0 1 1 0 0 1 0 1 
1 0 0 1 0 1 1 0 1 
0 1 0 1 0 0 0 1 0 

1 1 1 0 0 1 0 0 1 
0 1 1 1 0 0 1 1 0 
1 0 0 0 1 0 1 0 0 
0 0 0 0 1 1 1 1 0 
0 0 0 1 0 1 0 0 0 
0 1 1 1 1 0 0 0 0 
0 0 1 0 1 0 0 0 1 
0 1 1 0 0 1 1 1 0 
1 0 0 1 0 0 1 1 1 

1 1 0 1 1 0 0 0 0 
0 0 1 1 1 0 0 0 1 
1 0 0 0 0 1 1 1 0 
1 0 1 0 0 1 0 1 0 
0 1 0 1 0 1 0 1 0 
0 1 0 1 0 0 1 0 1 
0 1 1 1 0 0 0 0 1 
1 0 0 0 1 1 1 0 0 
0 0 0 0 1 1 0 1 1 

1 0 0 1 1 1 0 0 1 
0 0 0 0 0 1 1 0 0 
0 1 1 1 0 0 1 0 0 
1 1 0 1 0 1 1 0 1 
1 0 0 0 0 0 0 0 1 
1 0 1 1 0 1 0 1 1 
0 0 1 0 0 1 1 1 0 
0 0 1 1 0 0 0 0 0 
1 0 0 1 1 1 0 0 1 

1 0 1 1 0 1 1 0 1 
0 0 1 1 0 1 1 0 0 
0 1 0 0 0 1 0 0 1 
1 0 0 0 1 0 1 1 0 
0 1 0 0 0 0 0 1 0 
0 1 1 0 1 0 0 0 1 
1 0 0 1 0 0 0 1 0 
0 0 1 1 0 1 1 0 0 
1 0 1 1 0 1 1 0 1 

1 0 1 0 0 0 0 1 1 
0 0 0 1 1 0 0 0 1 
1 1 1 0 1 0 0 0 1 
0 0 0 1 0 0 0 1 1 
1 0 1 1 0 1 1 0 1 
1 1 0 0 0 1 0 0 0 
1 0 0 0 1 0 1 1 1 
1 0 0 0 1 1 0 0 0 
1 1 0 0 0 0 1 0 1 

1 1 0 0 0 1 0 0 1 
0 0 0 0 1 1 0 1 0 
1 1 1 1 0 0 0 1 0 
0 0 1 0 1 0 1 0 1 
1 0 0 1 0 1 0 0 1 
1 0 1 0 1 0 1 0 0 
0 1 0 0 0 1 1 1 1 
0 1 0 1 1 0 0 0 0 
1 0 0 1 0 0 0 1 1 

1 1 0 0 0 1 0 1 1 
1 1 0 0 1 1 0 0 1 
0 0 0 0 1 0 1 0 0 
0 1 0 0 0 1 1 1 0 
0 0 1 1 0 1 1 0 0 
0 1 1 1 0 0 0 1 0 
0 0 1 0 1 0 0 0 0 
1 0 0 1 1 0 0 1 1 
1 1 0 1 0 0 0 1 1 

0 0 0 1 0 1 1 1 0 
1 1 0 0 0 1 0 1 0 
1 0 1 1 0 0 1 0 0 
1 1 0 1 0 1 1 0 1 
0 0 0 0 0 0 0 0 0 
1 0 1 1 0 1 0 1 1 
0 0 1 0 0 1 1 0 1 
0 1 0 1 0 0 0 1 1 
0 1 1 1 0 1 0 0 0 

0 0 1 0 1 1 1 0 0 
1 1 0 1 0 1 0 0 0 
0 1 1 0 1 0 1 0 0 
1 1 0 0 1 0 1 0 1 
0 1 0 0 0 0 0 1 0 
1 0 1 0 1 0 0 1 1 
0 0 1 0 1 0 1 1 0 
0 0 0 1 0 1 0 1 1 
0 0 1 1 1 0 1 0 0 

0 0 1 1 0 1 1 0 0 
0 1 1 1 0 0 0 1 0 
1 0 0 0 1 0 0 1 1 
1 0 0 0 1 0 0 1 1 
0 0 1 1 0 1 1 0 0 
1 1 0 0 1 0 0 0 1 
1 1 0 0 1 0 0 0 1 
0 1 0 0 0 1 1 1 0 
0 0 1 1 0 1 1 0 0 

0 1 0 0 1 1 0 0 0 
1 1 0 0 1 0 1 0 1 
0 0 1 1 0 0 1 1 0 
0 1 1 0 0 1 0 1 1 
0 0 0 1 0 1 0 0 0 
1 1 0 1 0 0 1 1 0 
0 1 1 0 0 1 1 0 0 
1 0 1 0 1 0 0 1 1 
0 0 0 1 1 0 0 1 0 

1 0 1 1 0 0 1 0 0 
0 1 0 1 0 0 1 0 1 
0 1 0 1 0 1 0 1 0 
0 0 1 0 1 1 1 0 0 
1 1 0 0 0 0 0 1 1 
0 0 1 1 1 0 1 0 0 
0 1 0 1 0 1 0 1 0 
1 0 1 0 0 1 0 1 0 
0 0 1 0 0 1 1 0 1 

1 0 0 0 1 0 0 1 1 
1 1 0 1 0 0 0 1 0 
0 0 1 1 0 1 1 0 0 
0 0 1 0 1 0 1 1 0 
1 0 0 1 0 1 0 0 1 
0 1 1 0 1 0 1 0 0 
0 0 1 1 0 1 1 0 0 
0 1 0 0 0 1 0 1 1 
1 1 0 0 1 0 0 0 1 

0 0 1 0 0 1 1 0 0 
0 1 0 1 1 0 0 1 0 
1 0 1 1 0 0 1 0 1 
1 0 0 0 1 0 1 1 0 
0 1 0 1 0 1 0 1 0 
0 1 1 0 1 0 0 0 1 
1 0 1 0 0 1 1 0 1 
0 1 0 0 1 1 0 1 0 
0 0 1 1 0 0 1 0 0 

0 1 0 0 1 0 1 1 0 
0 1 0 0 1 1 0 1 0 
0 1 1 1 0 0 1 0 0 
1 1 0 0 1 0 0 0 0 
1 1 0 1 0 1 0 1 1 
0 0 0 0 1 0 0 1 1 
0 0 1 0 0 1 1 1 0 
0 1 0 1 1 0 0 1 0 
0 1 1 0 1 0 0 1 0 

1 1 0 1 0 0 0 1 1 
1 1 0 1 0 1 1 0 0 
0 0 1 0 0 1 0 0 1 
1 0 0 0 0 0 1 1 0 
1 0 0 1 0 1 0 0 1 
0 1 1 0 0 0 0 0 1 
1 0 0 1 0 0 1 0 0 
0 0 1 1 0 1 0 1 1 
1 1 0 0 0 1 0 1 1 

0 0 0 0 0 1 1 1 1 
1 0 1 0 1 0 0 1 0 
1 0 0 0 1 1 1 0 0 
0 1 0 1 1 0 0 0 1 
1 0 1 0 0 0 1 0 1 
1 0 0 0 1 1 0 1 0 
0 0 1 1 1 0 0 0 1 
0 1 0 0 1 0 1 0 1 
1 1 1 1 0 0 0 0 0 

                                  37                                  

0 1 1 1 1 0 0 0 0 
0 1 0 0 0 1 1 1 1 
0 1 0 1 0 1 0 0 1 
0 1 1 0 0 0 1 0 1 
1 0 0 0 1 0 0 0 1 
1 0 1 0 0 0 1 1 0 
1 0 0 1 0 1 0 1 0 
1 1 1 1 0 0 0 1 0 
0 0 0 0 1 1 1 1 0 

1 1 0 0 0 0 1 0 1 
0 1 1 1 0 0 0 1 1 
1 0 0 1 1 0 0 1 0 
0 0 0 1 0 1 1 1 0 
0 0 1 0 1 0 1 0 0 
0 1 1 1 0 1 0 0 0 
0 1 0 0 1 1 0 0 1 
1 1 0 0 0 1 1 1 0 
1 0 1 0 0 0 0 1 1 

0 0 1 1 0 1 0 1 0 
1 0 1 1 1 0 1 0 0 
0 1 0 0 0 0 0 1 1 
1 0 0 1 0 1 0 1 1 
0 1 0 0 1 0 0 1 0 
1 1 0 1 0 1 0 0 1 
1 1 0 0 0 0 0 1 0 
0 0 1 0 1 1 1 0 1 
0 1 0 1 0 1 1 0 0 

0 0 1 1 0 1 1 0 0 
0 1 1 0 1 0 0 1 0 
1 0 1 0 0 0 1 1 1 
1 0 0 1 0 1 0 0 1 
0 1 0 0 1 0 0 1 0 
1 0 0 1 0 1 0 0 1 
1 1 1 0 0 0 1 0 1 
0 1 0 0 1 0 1 1 0 
0 0 1 1 0 1 1 0 0 

